-2.000000
1.250000
0.012817
-2.000000
1.250001
0.012947
-2.000000
1.250000
0.012793
-1.999999
1.250000
0.012817
-2.000000
1.250000
0.012697
-2.000000
1.250000
0.012793
-2.000000
1.250000
0.012817
-2.000000
1.249999
0.012933
-2.000000
1.250000
0.012793
-2.000000
1.250000
0.012793
-2.000000
1.250000
0.012793
-2.000000
1.250000
0.012793
-2.000000
1.500000
0.012929
-2.000000
1.500001
0.013033
-2.000000
1.500000
0.012793
-2.000001
1.500000
0.012966
-2.000001
1.500000
0.012967
-2.000001
1.499999
0.013029
-2.000000
1.500000
0.012793
-2.000000
1.499999
0.012848
-2.000000
1.500000
0.012939
-2.000000
1.500000
0.012793
-2.000000
1.500000
0.012884
-2.000000
1.500000
0.012793
-2.000000
1.750000
0.012793
-2.000000
1.750000
0.012817
-2.000000
1.750000
0.012793
-2.000001
1.750000
0.013031
-2.000000
1.750000
0.012910
-2.000000
1.750000
0.012793
-2.000000
1.750000
0.012875
-2.000000
1.750000
0.012898
-2.000000
1.750000
0.012793
-2.000000
1.750000
0.012953
-2.000000
1.750000
0.012793
-2.000000
1.750000
0.012793
-1.750000
0.000000
0.012793
-1.750000
0.000001
0.013031
-1.750000
0.000000
0.012793
-1.750000
0.000000
0.012877
-1.750000
0.000000
0.012793
-1.750000
0.000000
0.012793
-1.750001
-0.000000
0.012714
-1.750000
0.000000
0.012793
-1.750001
0.000001
0.012817
-1.750000
0.000000
0.012793
-1.750000
-0.000000
0.012900
-1.749999
0.000001
0.013034
-1.750000
0.250000
0.012793
-1.750000
0.250000
0.012910
-1.750001
0.250001
0.013035
-1.750001
0.250000
0.012977
-1.749999
0.250000
0.012817
-1.750000
0.250000
0.012793
-1.750000
0.250001
0.012817
-1.750000
0.250000
0.012897
-1.750001
0.250000
0.012817
-1.749999
0.250000
0.012833
-1.750000
0.250000
0.012817
-1.750000
0.250000
0.012817
-1.750000
0.500000
0.012793
-1.750000
0.500001
0.012973
-1.750000
0.500000
0.012793
-1.750001
0.500000
0.013036
-1.750000
0.500000
0.012793
-1.750000
0.500000
0.012793
-1.750000
0.499999
0.012833
-1.750000
0.500000
0.012793
-1.750000
0.500000
0.012884
-1.750000
0.500000
0.012895
-1.750000
0.500001
0.012814
-1.749999
0.500000
0.012948
-1.750000
0.750000
0.012793
-1.750000
0.750000
0.012944
-1.750001
0.750001
0.013038
-1.750000
0.750000
0.012793
-1.750001
0.750000
0.012973
-1.750000
0.750000
0.012793
-1.750000
0.750000
0.012793
-1.750000
0.750000
0.012793
-1.750000
0.750000
0.012793
-1.750000
0.750000
0.012793
-1.749999
0.750000
0.012843
-1.749999
0.750001
0.012849
-1.750000
1.000000
0.012793
-1.750000
1.000000
0.012793
-1.750000
1.000000
0.012793
-1.750000
1.000000
0.012793
-1.750001
1.000000
0.012977
-1.750000
1.000000
0.012793
-1.750000
1.000000
0.012883
-1.750000
1.000000
0.012793
-1.749999
0.999999
0.013033
-1.749999
1.000000
0.012962
-1.750000
1.000000
0.012793
-1.750000
1.000000
0.012793
-1.750000
1.250000
0.012930
-1.750000
1.250000
0.012793
-1.750000
1.250000
0.012793
-1.750000
1.250000
0.012793
-1.750000
1.250000
0.012793
-1.749999
1.250001
0.012817
-1.750000
1.250000
0.012793
-1.750000
1.249999
0.012774
-1.750000
1.250000
0.012793
-1.749999
1.250000
0.013029
-1.750001
1.250000
0.012817
-1.750000
1.250000
0.012793
-1.750000
1.500001
0.012975
-1.750000
1.500000
0.012883
-1.750000
1.500000
0.012793
-1.750000
1.500000
0.012901
-1.750000
1.500000
0.012730
-1.750000
1.500000
0.012899
-1.750000
1.500001
0.012817
-1.750000
1.499999
0.012849
-1.750000
1.500000
0.012922
-1.750000
1.500000
0.012884
-1.750000
1.500000
0.012902
-1.750000
1.500000
0.012885
-1.750000
1.750000
0.012928
-1.750000
1.750000
0.012793
-1.750001
1.750001
0.012773
-1.750000
1.750000
0.012884
-1.750000
1.750000
0.012793
-1.750001
1.749999
0.013035
-1.750000
1.749999
0.012962
-1.750000
1.750000
0.012884
-1.750000
1.750000
0.012902
-1.750000
1.750000
0.012885
-1.750000
1.750000
0.012793
-1.750000
1.750000
0.012793
-1.750000
2.000000
0.012929
-1.750000
1.999999
0.012817
-1.750001
2.000001
0.012860
-1.750000
2.000000
0.012793
-1.750000
2.000000
0.012793
-1.750000
2.000000
0.012817
-1.750000
2.000000
0.012793
-1.750000
1.999999
0.012886
-1.750000
2.000000
0.012941
-1.750000
2.000000
0.012884
-1.750000
2.000000
0.012819
-1.750000
2.000000
0.012903
-1.750000
3.250000
0.012884
-1.750000
3.250000
0.012793
-1.750001
3.250001
0.012849
-1.750000
3.250000
0.012793
-1.750001
3.250000
0.012821
-1.750000
3.250000
0.012910
-1.750000
3.250000
0.012885
-1.750000
3.250000
0.012819
-1.750000
3.250000
0.012911
-1.750000
3.250000
0.012901
-1.750000
3.250000
0.012900
-1.750000
3.250000
0.012793
-1.500000
0.000001
0.012975
-1.500000
0.000000
0.012895
-1.500000
0.000000
0.012884
-1.500001
0.000001
0.012774
-1.500000
0.000000
0.012895
-1.500000
0.000000
0.012793
-1.500000
0.000001
0.012817
-1.500000
-0.000000
0.012883
-1.500000
-0.000001
0.012975
-1.500000
-0.000000
0.012895
-1.500000
-0.000000
0.012884
-1.500000
-0.000000
0.012902
-1.500000
0.250000
0.012793
-1.500000
0.250001
0.012977
-1.500001
0.250001
0.013030
-1.500001
0.250000
0.012962
-1.500000
0.250000
0.012793
-1.500000
0.250000
0.012793
-1.500000
0.250000
0.012793
-1.499999
0.250000
0.012814
-1.500001
0.250001
0.012817
-1.499999
0.250000
0.012861
-1.500000
0.250000
0.012921
-1.499999
0.250001
0.013035
-1.500000
0.500000
0.012793
-1.500000
0.500001
0.013032
-1.500000
0.500000
0.012793
-1.500000
0.500000
0.012877
-1.500001
0.500000
0.013034
-1.499999
0.500001
0.012817
-1.500000
0.500000
0.012793
-1.500000
0.500000
0.012901
-1.500000
0.500000
0.012898
-1.500000
0.500000
0.012793
-1.500001
0.500000
0.012817
-1.500000
0.500000
0.012896
-1.500000
0.750000
0.012820
-1.500000
0.750000
0.012793
-1.500000
0.750000
0.012793
-1.500001
0.750000
0.012971
-1.500001
0.750000
0.013031
-1.500000
0.750000
0.012752
-1.500000
0.750000
0.012901
-1.500000
0.750000
0.012884
-1.500000
0.749999
0.012971
-1.499999
0.750000
0.013031
-1.499999
0.750000
0.012968
-1.500001
0.749999
0.012817
-1.500000
1.000000
0.012793
-1.500000
1.000000
0.012817
-1.500000
1.000000
0.012793
-1.500001
1.000000
0.012973
-1.500000
1.000000
0.012884
-1.500000
1.000000
0.012793
-1.500000
1.000000
0.012939
-1.500000
0.999999
0.012973
-1.500000
1.000000
0.012793
-1.499999
1.000000
0.012967
-1.500000
1.000000
0.012895
-1.500000
1.000000
0.012793
-1.500000
1.250000
0.012793
-1.500000
1.250000
0.012903
-1.500001
1.250001
0.013035
-1.500001
1.250000
0.013042
-1.500000
1.250000
0.012887
-1.500000
1.250000
0.012903
-1.500000
1.249999
0.012972
-1.500000
1.249999
0.012981
-1.500000
1.250000
0.012793
-1.500000
1.250000
0.012793
-1.500000
1.250000
0.012895
-1.500000
1.250000
0.012898
-1.500000
1.500000
0.012793
-1.500000
1.500000
0.012793
-1.500000
1.500001
0.012973
-1.500000
1.500000
0.012884
-1.500000
1.500000
0.012793
-1.499999
1.500001
0.012817
-1.500000
1.500000
0.012793
-1.499999
1.500000
0.012814
-1.500000
1.500000
0.012793
-1.500000
1.500000
0.012793
-1.500000
1.500000
0.012793
-1.499999
1.500001
0.013036
-1.500000
1.750000
0.012793
-1.500000
1.750001
0.012973
-1.500000
1.750000
0.012793
-1.500001
1.750000
0.012981
-1.500000
1.750000
0.012895
-1.500000
1.750000
0.012793
-1.500000
1.750000
0.012896
-1.500000
1.749999
0.012971
-1.500000
1.750000
0.012895
-1.500001
1.750000
0.012817
-1.500000
1.750000
0.012793
-1.500000
1.750001
0.013004
-1.500000
2.000000
0.012793
-1.500000
2.000000
0.012901
-1.500000
2.000000
0.012884
-1.500001
2.000000
0.013036
-1.500001
2.000000
0.012977
-1.500000
2.000000
0.012793
-1.500000
2.000000
0.012793
-1.500000
2.000000
0.012875
-1.500000
1.999999
0.012975
-1.500000
2.000000
0.012793
-1.500000
2.000000
0.012820
-1.500000
2.000000
0.012793
-1.500000
2.750000
0.012941
-1.500000
2.750000
0.012793
-1.500001
2.750001
0.013042
-1.500000
2.750000
0.012879
-1.500000
2.750000
0.012793
-1.498424
2.751078
0.012921
-1.500000
2.750000
0.012793
-1.500072
2.749829
0.013858
-1.499996
2.749969
0.012961
-1.498724
2.750893
0.012914
-1.500084
2.749827
0.013302
-1.500000
2.750000
0.012793
-1.500000
3.000000
0.012793
-1.500000
3.000001
0.013037
-1.500000
3.000001
0.012977
-1.500000
3.000000
0.012793
-1.500000
3.000000
0.012793
-1.500000
3.000000
0.012793
-1.500001
3.000000
0.012720
-1.500000
2.999999
0.012982
-1.500000
2.999999
0.012967
-1.499999
2.999999
0.012818
-1.500000
3.000001
0.012996
-1.500000
3.000000
0.012793
-1.500000
3.250000
0.012793
-1.500000
3.250000
0.012895
-1.500000
3.250001
0.012969
-1.500000
3.250000
0.012793
-1.500000
3.250000
0.012793
-1.500000
3.250000
0.012793
-1.500000
3.249999
0.012853
-1.500000
3.250000
0.012817
-1.500000
3.250000
0.012950
-1.500001
3.249999
0.012725
-1.499999
3.250000
0.012823
-1.499999
3.250000
0.012962
-1.500000
3.500000
0.012793
-1.500000
3.499999
0.012817
-1.500000
3.500000
0.012898
-1.500001
3.500000
0.012971
-1.500001
3.500000
0.012966
-1.500001
3.499999
0.013031
-1.499999
3.500000
0.012814
-1.500000
3.499999
0.013026
-1.500000
3.499999
0.012977
-1.500000
3.500000
0.012884
-1.500000
3.500000
0.012902
-1.500000
3.500000
0.012793
-1.250000
-0.000000
0.012884
-1.250000
0.000000
0.012793
-1.250000
0.000000
0.012793
-1.250000
-0.000001
0.012814
-1.250000
0.000000
0.012793
-1.250001
-0.000000
0.012975
-1.250000
0.000000
0.012884
-1.250000
-0.000001
0.013036
-1.250000
0.000000
0.012814
-1.249999
-0.000000
0.012963
-1.250000
0.000000
0.012793
-1.250000
0.000000
0.012793
-1.250000
0.250000
0.012927
-1.250000
0.249999
0.012817
-1.250001
0.250001
0.012849
-1.250000
0.250000
0.012921
-1.250001
0.250000
0.012970
-1.250000
0.250000
0.012793
-1.250000
0.250000
0.012793
-1.250000
0.250000
0.012881
-1.250000
0.250000
0.012884
-1.250000
0.250000
0.012902
-1.249999
0.250000
0.013035
-1.250000
0.250000
0.012814
-1.250000
0.500001
0.012846
-1.250000
0.500000
0.012906
-1.250000
0.500000
0.012793
-1.250001
0.500000
0.012967
-1.250000
0.499999
0.012814
-1.250000
0.500000
0.012793
-1.250000
0.500000
0.012897
-1.250000
0.500000
0.012884
-1.250000
0.500000
0.012793
-1.250000
0.500000
0.012793
-1.250000
0.500000
0.012793
-1.249999
0.500001
0.013033
-1.250000
0.750000
0.012793
-1.250000
0.750001
0.012853
-1.250000
0.750000
0.012793
-1.250000
0.750000
0.012793
-1.250000
0.750000
0.012895
-1.249999
0.750001
0.012817
-1.250000
0.750000
0.012895
-1.250000
0.750000
0.012901
-1.250000
0.750000
0.012793
-1.250000
0.750000
0.012793
-1.249999
0.750000
0.012975
-1.250000
0.750000
0.012895
-1.250000
1.000001
0.013033
-1.250000
1.000001
0.012962
-1.250000
1.000000
0.012793
-1.250001
1.000000
0.012833
-1.250000
1.000000
0.012817
-1.250000
1.000000
0.012945
-1.250000
1.000000
0.012897
-1.250000
1.000000
0.012793
-1.250000
0.999999
0.012971
-1.249999
1.000000
0.013031
-1.250000
1.000000
0.012793
-1.249999
1.000000
0.012971
-1.250000
1.250000
0.012793
-1.250000
1.250001
0.013035
-1.250000
1.250000
0.012793
-1.250000
1.250000
0.012793
-1.250000
1.250000
0.012793
-1.250001
1.250000
0.012969
-1.250000
1.250001
0.012817
-1.250000
1.250000
0.012793
-1.249999
1.249999
0.013033
-1.250000
1.250000
0.012887
-1.250000
1.250000
0.012793
-1.250000
1.250000
0.012793
-1.250000
1.500001
0.012971
-1.250000
1.500001
0.012980
-1.250000
1.500000
0.012885
-1.250000
1.500000
0.012793
-1.250001
1.500000
0.013042
-1.250000
1.500000
0.012879
-1.250000
1.499999
0.012968
-1.250000
1.499999
0.012967
-1.250000
1.500000
0.012793
-1.250000
1.500000
0.012793
-1.249999
1.500000
0.012823
-1.250000
1.500000
0.012814
-1.250000
1.750001
0.012948
-1.250000
1.750000
0.012793
-1.250000
1.750000
0.012896
-1.250000
1.750000
0.012793
-1.250000
1.750000
0.012793
-1.250001
1.749999
0.013029
-1.250000
1.750000
0.012793
-1.250000
1.749999
0.012972
-1.250001
1.750000
0.012724
-1.250000
1.750000
0.012793
-1.250000
1.750000
0.012893
-1.250000
1.750000
0.012884
-1.250000
2.000000
0.012819
-1.250000
2.000001
0.012804
-1.250000
2.000000
0.012817
-1.250000
2.000000
0.012793
-1.250000
2.000000
0.012898
-1.250001
1.999999
0.013034
-1.250000
2.000000
0.012953
-1.250000
2.000000
0.012793
-1.249999
1.999999
0.013031
-1.250000
2.000000
0.012887
-1.250000
2.000000
0.012793
-1.250000
2.000000
0.012899
-1.250000
2.250000
0.012929
-1.250000
2.250001
0.012971
-1.250001
2.250001
0.013029
-1.250000
2.250000
0.012910
-1.250001
2.250000
0.012982
-1.250001
2.250000
0.012967
-1.250000
2.250000
0.012793
-1.250000
2.250000
0.012793
-1.250000
2.250000
0.012793
-1.249999
2.250000
0.012861
-1.249999
2.250000
0.012854
-1.250000
2.250000
0.012793
-1.250000
2.500000
0.012793
-1.250000
2.500000
0.012904
-1.250000
2.500000
0.012793
-1.250001
2.500000
0.013033
-1.250000
2.500000
0.012793
-1.250000
2.500000
0.012793
-1.250000
2.500000
0.012793
-1.250000
2.499999
0.012966
-1.249999
2.499999
0.013031
-1.250000
2.500000
0.012793
-1.250000
2.500000
0.012793
-1.250000
2.500000
0.012793
-1.250000
2.750000
0.012901
-1.250000
2.750001
0.012981
-1.249999
2.749999
0.012849
-1.250000
2.750001
0.012744
-1.250001
2.750000
0.012970
-1.250000
2.750000
0.012793
-1.250000
2.750000
0.012793
-1.250000
2.749999
0.012985
-1.250000
2.750000
0.012793
-1.250001
2.750000
0.012817
-1.250000
2.750000
0.012898
-1.250000
2.750000
0.012819
-1.250000
3.000000
0.012793
-1.250000
3.000000
0.012793
-1.250000
3.000000
0.012938
-1.250000
3.000000
0.012793
-1.250000
3.000000
0.012793
-1.250000
3.000000
0.012793
-1.250000
2.999999
0.012962
-1.250000
3.000000
0.012895
-1.250000
3.000000
0.012793
-1.250000
3.000000
0.012902
-1.249999
3.000000
0.012981
-1.249999
3.000000
0.012967
-1.250000
3.249999
0.012817
-1.250000
3.250000
0.012875
-1.250001
3.250001
0.013034
-1.250000
3.250000
0.012793
-1.250001
3.250000
0.012973
-1.250000
3.250000
0.012793
-1.250000
3.249999
0.012971
-1.250000
3.250000
0.012793
-1.250000
3.249999
0.012972
-1.249999
3.250000
0.012972
-1.250000
3.250000
0.012884
-1.250000
3.250000
0.012819
-1.250000
3.500000
0.012793
-1.250000
3.499999
0.012817
-1.250000
3.500000
0.012793
-1.250000
3.500000
0.012817
-1.250000
3.500000
0.012793
-1.250002
3.499999
0.012831
-1.250000
3.500000
0.012793
-1.250000
3.500000
0.012793
-1.249999
3.499999
0.013031
-1.250001
3.500000
0.012817
-1.250000
3.500000
0.012793
-1.250000
3.499999
0.012817
-1.250000
3.750000
0.012817
-1.250000
3.750000
0.012817
-1.250000
3.750000
0.012793
-1.250001
3.750000
0.012981
-1.249999
3.750000
0.012817
-1.250000
3.750000
0.012793
-1.250000
3.750000
0.012793
-1.250000
3.750000
0.012793
-1.250000
3.750000
0.012793
-1.250000
3.750000
0.012793
-1.250000
3.750000
0.012793
-1.250000
3.750000
0.012793
-1.000000
1.000001
0.012968
-1.000000
1.000000
0.012895
-1.000000
1.000000
0.012899
-1.000000
1.000000
0.012793
-1.000000
1.000000
0.012793
-1.000000
1.000000
0.012884
-1.000001
0.999999
0.012781
-1.000000
1.000000
0.012895
-1.000000
1.000000
0.012793
-0.999999
1.000000
0.012861
-0.999999
1.000000
0.012960
-0.999999
1.000001
0.012818
-1.000000
1.250000
0.012935
-1.000000
1.250001
0.012973
-1.000001
1.250001
0.013031
-1.000000
1.250000
0.012887
-0.999999
1.250000
0.012817
-1.000001
1.249999
0.012860
-1.000000
1.250000
0.012817
-1.000000
1.250000
0.012817
-1.000000
1.250000
0.012793
-0.999999
1.250000
0.012969
-1.000000
1.250000
0.012895
-0.999999
1.250000
0.012972
-1.000000
1.750000
0.012793
-1.000000
1.750000
0.012793
-1.000000
1.750000
0.012884
-1.000000
1.750000
0.012793
-1.000000
1.750001
0.012725
-1.000000
1.750000
0.012819
-1.000000
1.750000
0.012793
-1.000001
1.750000
0.012724
-1.000000
1.750000
0.012887
-0.999999
1.750000
0.012861
-1.000000
1.750000
0.012793
-1.000000
1.750000
0.012884
-1.000000
2.000000
0.012902
-1.000000
2.000000
0.012793
-1.000001
2.000001
0.012847
-1.000000
2.000000
0.012901
-1.000000
1.999999
0.012814
-1.000001
2.000000
0.012972
-1.000000
2.000000
0.012793
-1.000000
2.000000
0.012898
-1.000000
2.000000
0.012901
-1.000000
2.000000
0.012793
-1.000000
2.000001
0.012990
-1.000000
2.000000
0.012814
-1.000000
2.250001
0.012834
-1.000000
2.250000
0.012817
-1.000000
2.250000
0.012938
-1.000000
2.250000
0.012884
-1.000000
2.250000
0.012793
-1.000000
2.250000
0.012793
-1.000000
2.250000
0.012899
-1.000000
2.250000
0.012793
-1.000000
2.249999
0.012829
-1.000000
2.250000
0.012793
-1.000000
2.250000
0.012793
-1.000001
2.249999
0.012817
-1.000000
2.500000
0.012793
-1.000000
2.500001
0.012701
-1.000000
2.500000
0.012898
-1.000001
2.500000
0.013034
-1.000000
2.500000
0.012793
-1.000001
2.500000
0.012972
-1.000000
2.500000
0.012895
-1.000000
2.499999
0.013033
-1.000000
2.500000
0.012814
-1.000001
2.500000
0.012817
-1.000000
2.500000
0.012897
-1.000000
2.500000
0.012793
-1.000000
2.750001
0.013033
-1.000000
2.750000
0.012793
-1.000000
2.750001
0.012972
-1.000000
2.750000
0.012883
-1.000001
2.750000
0.012847
-1.000000
2.750000
0.012817
-1.000000
2.750000
0.012793
-1.000000
2.750001
0.012817
-1.000000
2.750000
0.012909
-0.999999
2.750000
0.012975
-0.999999
2.750000
0.013030
-1.000000
2.750000
0.012793
-1.000000
3.000000
0.012793
-1.000000
3.000001
0.012848
-1.000000
3.000000
0.012793
-1.000003
3.000001
0.012825
-1.000001
3.000000
0.012763
-1.000000
3.000000
0.012793
-1.000000
3.000000
0.012902
-1.000000
2.999999
0.013035
-1.000000
3.000000
0.012793
-1.000000
3.000000
0.012887
-0.999999
3.000000
0.012972
-0.999999
3.000000
0.012966
-1.000000
3.250000
0.012928
-1.000000
3.250000
0.012793
-1.000000
3.250000
0.012814
-0.999999
3.250000
0.012817
-1.000000
3.250000
0.012793
-1.000001
3.250000
0.012960
-1.000000
3.250000
0.012793
-1.000000
3.250000
0.012793
-1.000000
3.250000
0.012729
-1.000000
3.250000
0.012793
-1.000000
3.250000
0.012793
-0.999999
3.250000
0.012962
-0.999999
3.500000
0.012733
-1.000000
3.500000
0.012793
-1.000000
3.500000
0.012793
-1.000001
3.500000
0.012860
-1.000000
3.500000
0.012793
-1.000001
3.499999
0.012775
-1.000000
3.500000
0.012793
-1.000000
3.500000
0.012793
-1.000000
3.499999
0.012967
-1.000000
3.500000
0.012884
-1.000000
3.500000
0.012793
-1.000000
3.500000
0.012793
-1.000000
3.750001
0.012967
-0.999999
3.750000
0.012724
-1.000000
3.750000
0.012814
-1.000000
3.750000
0.012793
-1.000001
3.750000
0.012847
-1.000001
3.749999
0.012848
-1.000000
3.750000
0.012941
-1.000000
3.749999
0.012779
-1.000000
3.750000
0.012793
-1.000000
3.750000
0.012793
-1.000000
3.750000
0.012793
-1.000000
3.750000
0.012793
-1.000000
4.000001
0.013039
-1.000000
4.000000
0.012793
-0.999999
3.999999
0.012817
-1.000001
4.000000
0.012861
-1.000001
4.000000
0.012765
-1.000000
4.000000
0.012814
-1.000000
3.999999
0.012947
-1.000000
4.000001
0.012817
-0.999999
3.999999
0.012860
-1.000000
4.000000
0.012793
-1.000000
4.000000
0.012793
-1.000000
4.000000
0.012898
-0.750000
0.000001
0.013034
-0.750001
-0.000000
0.012814
-0.750000
-0.000000
0.012814
-0.750000
-0.000001
0.012814
-0.750000
0.000000
0.012793
-0.750000
0.000000
0.012793
-0.750000
0.000000
0.012889
-0.750000
-0.000001
0.012861
-0.750000
-0.000001
0.012765
-0.750000
0.000000
0.012793
-0.749999
0.000000
0.013042
-0.749999
0.000001
0.012783
-0.750000
0.250000
0.012934
-0.750000
0.250001
0.013037
-0.750000
0.250000
0.012793
-0.750000
0.250000
0.012793
-0.750001
0.250000
0.013036
-0.750000
0.250000
0.012911
-0.750000
0.250001
0.012817
-0.750000
0.249999
0.012847
-0.750000
0.250000
0.012907
-0.750000
0.250000
0.012900
-0.750000
0.250000
0.012793
-0.750001
0.249999
0.012817
-0.750000
0.500000
0.012897
-0.750000
0.500000
0.012793
-0.750000
0.500000
0.012793
-0.750001
0.500000
0.012970
-0.750000
0.500000
0.012884
-0.750000
0.500000
0.012793
-0.750000
0.500000
0.012793
-0.750000
0.500000
0.012793
-0.749999
0.499998
0.012829
-0.749999
0.500000
0.013031
-0.749999
0.500000
0.012962
-0.750000
0.500000
0.012884
-0.750000
0.750001
0.013039
-0.750000
0.750000
0.012793
-0.750000
0.750000
0.012793
-0.750001
0.750000
0.013035
-0.750000
0.749999
0.012814
-0.749999
0.750001
0.012817
-0.750001
0.750000
0.012737
-0.750000
0.749999
0.013036
-0.750000
0.749999
0.012962
-0.750000
0.750000
0.012793
-0.749999
0.750000
0.013042
-0.749999
0.750001
0.013039
-0.749999
1.000001
0.012833
-0.750000
1.000000
0.012793
-0.750000
1.000000
0.012814
-0.749999
1.000000
0.012817
-0.750001
1.000000
0.012861
-0.750001
1.000000
0.012960
-0.749999
1.000000
0.012814
-0.750000
1.000000
0.012793
-0.750001
1.000001
0.012817
-0.750000
1.000000
0.012793
-0.750000
1.000000
0.012884
-0.749999
1.000001
0.013036
-0.750000
1.250000
0.012793
-0.750000
1.250000
0.012817
-0.750000
1.250000
0.012817
-0.750000
1.250000
0.012793
-0.749999
1.250000
0.012817
-0.750000
1.250000
0.012793
-0.750000
1.250000
0.012793
-0.750000
1.250001
0.012817
-0.749999
1.249999
0.012848
-0.750000
1.250000
0.012793
-0.749999
1.250000
0.013035
-0.749999
1.250001
0.013042
-0.750000
1.750000
0.012793
-0.750000
1.750000
0.012793
-0.750001
1.750001
0.013031
-0.750000
1.749999
0.012814
-0.750000
1.750000
0.012793
-0.750001
1.749999
0.013031
-0.749999
1.749999
0.012996
-0.750001
1.750001
0.012852
-0.750000
1.750000
0.012897
-0.750000
1.750000
0.012793
-0.749999
1.750000
0.012803
-0.750000
1.750000
0.012908
-0.750000
2.000000
0.012793
-0.750000
2.000000
0.012793
-0.750000
2.000000
0.012817
-0.750000
2.000000
0.012941
-0.750000
2.000000
0.012897
-0.750001
2.000000
0.012956
-0.750000
2.000000
0.012793
-0.750000
2.000000
0.012885
-0.750000
2.000000
0.012814
-0.750000
2.000000
0.012793
-0.749999
2.000000
0.012975
-0.750000
2.000000
0.012793
-0.750001
2.250000
0.012814
-0.750000
2.250000
0.012793
-0.750000
2.250000
0.012884
-0.750000
2.250000
0.012819
-0.750000
2.250000
0.012893
-0.750001
2.249999
0.012775
-0.750000
2.250000
0.012793
-0.750000
2.250000
0.012885
-0.750000
2.249999
0.012737
-0.750000
2.250000
0.012793
-0.750000
2.250000
0.012902
-0.750000
2.250000
0.012793
-0.750000
2.500001
0.012962
-0.750000
2.500000
0.012884
-0.750000
2.500000
0.012902
-0.750001
2.500000
0.012971
-0.749999
2.500000
0.012817
-0.750001
2.499999
0.012849
-0.750000
2.500000
0.012921
-0.750000
2.500000
0.012735
-0.750000
2.500000
0.012885
-0.749999
2.500000
0.012971
-0.749999
2.500000
0.012779
-0.750000
2.500000
0.012793
-0.750000
2.750001
0.012972
-0.750000
2.750001
0.012966
-0.750000
2.750000
0.012883
-0.750001
2.750000
0.012860
-0.750001
2.750000
0.012947
-0.750000
2.750000
0.012793
-0.750000
2.749999
0.013031
-0.750000
2.749999
0.012977
-0.750000
2.750000
0.012884
-0.749999
2.750000
0.012983
-0.749999
2.750000
0.012967
-0.749999
2.750001
0.013031
-0.750000
3.000000
0.012930
-0.750000
3.000000
0.012793
-0.750000
3.000000
0.012902
-0.750001
3.000001
0.012821
-0.750001
3.000000
0.013042
-0.750000
3.000000
0.012793
-0.750000
3.000000
0.012819
-0.750001
3.000000
0.012720
-0.750000
3.000000
0.012899
-0.750000
3.000000
0.012793
-0.749999
3.000000
0.012970
-0.750000
3.000000
0.012793
-0.750000
3.250000
0.012793
-0.750000
3.250000
0.012793
-0.750000
3.250000
0.012793
-0.750001
3.250000
0.013034
-0.750001
3.250000
0.013042
-0.749999
3.250001
0.012817
-0.750000
3.250000
0.012793
-0.750000
3.250000
0.012884
-0.750000
3.250000
0.012819
-0.750000
3.250000
0.012793
-0.750000
3.249999
0.012737
-0.750000
3.249999
0.012724
-0.750000
3.500000
0.012793
-0.750000
3.500000
0.012901
-0.750000
3.500000
0.012793
-0.750001
3.500000
0.012967
-0.750001
3.500000
0.013031
-0.750000
3.500000
0.012814
-0.750000
3.499999
0.012978
-0.750000
3.500000
0.012793
-0.750000
3.500000
0.012793
-0.749999
3.500000
0.012971
-0.750000
3.500000
0.012793
-0.750000
3.500000
0.012793
-0.750000
3.750001
0.013031
-0.750000
3.750000
0.012793
-0.750000
3.750000
0.012793
-0.750000
3.749999
0.012814
-0.750000
3.750000
0.012793
-0.750002
3.749998
0.012828
-0.750000
3.749999
0.013031
-0.750000
3.749999
0.012768
-0.750000
3.750000
0.012793
-0.750000
3.750000
0.012819
-0.749999
3.750000
0.012948
-0.750000
3.750000
0.012793
-0.750000
4.000000
0.012935
-0.750000
4.000000
0.012793
-0.750000
4.000000
0.012793
-0.750000
4.000000
0.012898
-0.750000
4.000000
0.012793
-0.750000
4.000000
0.012793
-0.750000
4.000000
0.012793
-0.750000
4.000000
0.012793
-0.750000
4.000000
0.012793
-0.750001
4.000000
0.012817
-0.750000
4.000000
0.012911
-0.750000
4.000000
0.012884
-0.500000
0.000000
0.012793
-0.500000
0.000000
0.012793
-0.500000
0.000000
0.012793
-0.500001
0.000000
0.012975
-0.500000
0.000000
0.012884
-0.500000
0.000000
0.012793
-0.500000
-0.000001
0.012981
-0.500000
-0.000001
0.013031
-0.500000
0.000000
0.012814
-0.500000
0.000000
0.012793
-0.499999
0.000000
0.012849
-0.500000
0.000000
0.012793
-0.500000
0.250000
0.012928
-0.500000
0.250001
0.013035
-0.500001
0.250001
0.012776
-0.500000
0.250000
0.012793
-0.500000
0.250000
0.012793
-0.500001
0.250000
0.012966
-0.500000
0.250000
0.012884
-0.500000
0.249999
0.012971
-0.500000
0.250000
0.012814
-0.500000
0.250000
0.012793
-0.500000
0.250000
0.012945
-0.499999
0.250001
0.013038
-0.500000
0.500000
0.012793
-0.500000
0.500000
0.012793
-0.500000
0.500001
0.012969
-0.500000
0.500000
0.012884
-0.500000
0.500000
0.012793
-0.500000
0.500000
0.012793
-0.500000
0.499999
0.012981
-0.500000
0.499999
0.012967
-0.500000
0.500000
0.012793
-0.499998
0.500000
0.012789
-0.500000
0.500000
0.012793
-0.500000
0.500000
0.012793
-0.500000
0.750000
0.012793
-0.500000
0.750000
0.012888
-0.500000
0.750000
0.012895
-0.500001
0.750000
0.013036
-0.500000
0.750000
0.012793
-0.500000
0.750000
0.012887
-0.500000
0.749999
0.013037
-0.500000
0.749999
0.012962
-0.500000
0.749999
0.012967
-0.499999
0.750000
0.012972
-0.500000
0.750000
0.012884
-0.499999
0.750000
0.012971
-0.499999
1.000001
0.012818
-0.500000
1.000000
0.012793
-0.499999
1.000000
0.012786
-0.500000
1.000000
0.012904
-0.500000
1.000000
0.012793
-0.500000
1.000000
0.012793
-0.500000
1.000001
0.012817
-0.500000
1.000000
0.012897
-0.500000
1.000000
0.012793
-0.500000
1.000000
0.012793
-0.499999
1.000000
0.013042
-0.500000
1.000000
0.012887
-0.500000
1.250000
0.012817
-0.500000
1.250000
0.012793
-0.500000
1.250000
0.012793
-0.500001
1.250000
0.013034
-0.500001
1.250000
0.012962
-0.500000
1.250000
0.012793
-0.500000
1.250000
0.012910
-0.500000
1.249999
0.013035
-0.500000
1.250000
0.012793
-0.500000
1.250000
0.012895
-0.499999
1.250000
0.012820
-0.500000
1.250000
0.012793
-0.500000
1.750000
0.012793
-0.500000
1.750000
0.012793
-0.500000
1.750000
0.012793
-0.500000
1.750000
0.012733
-0.500000
1.750000
0.012899
-0.500001
1.749999
0.013034
-0.500000
1.749999
0.012962
-0.500000
1.750000
0.012793
-0.499999
1.749999
0.013031
-0.500000
1.750001
0.012814
-0.500001
1.750000
0.012817
-0.500000
1.750000
0.012793
-0.500000
2.000000
0.012944
-0.500000
2.000001
0.012981
-0.500000
2.000000
0.012793
-0.500000
2.000000
0.012895
-0.500000
2.000000
0.012728
-0.500000
2.000000
0.012793
-0.500000
2.000000
0.012885
-0.500000
2.000000
0.012819
-0.500000
2.000000
0.012793
-0.500000
2.000000
0.012884
-0.500000
2.000000
0.012793
-0.500000
2.000000
0.012793
-0.500000
2.750000
0.012793
-0.500000
2.750001
0.012853
-0.500001
2.750001
0.012855
-0.500000
2.750000
0.012793
-0.500000
2.750000
0.012884
-0.500000
2.750000
0.012793
-0.500000
2.750001
0.012817
-0.500000
2.750000
0.012793
-0.500000
2.750000
0.012900
-0.500001
2.749999
0.012725
-0.499999
2.750000
0.012961
-0.499999
2.750000
0.012972
-0.500001
3.000000
0.012814
-0.500000
2.999999
0.012817
-0.500001
3.000001
0.012849
-0.500000
3.000000
0.012921
-0.500000
3.000000
0.012793
-0.500001
3.000000
0.012962
-0.500000
2.999999
0.013031
-0.500000
3.000000
0.012793
-0.500000
3.000000
0.012793
-0.500000
3.000000
0.012819
-0.500000
3.000000
0.012911
-0.500000
3.000000
0.012884
-0.500000
3.250000
0.012928
-0.500000
3.250000
0.012901
-0.500000
3.250000
0.012900
-0.500001
3.250000
0.013034
-0.500001
3.250000
0.012962
-0.500000
3.250000
0.012793
-0.500000
3.250000
0.012910
-0.500000
3.250001
0.012817
-0.500000
3.250000
0.012793
-0.500000
3.250001
0.012814
-0.500000
3.250000
0.012793
-0.500000
3.250000
0.012793
-0.500000
3.500000
0.012817
-0.500000
3.500001
0.012956
-0.500000
3.500000
0.012898
-0.500000
3.500000
0.012793
-0.500000
3.500000
0.012793
-0.500000
3.500000
0.012793
-0.500000
3.499999
0.013026
-0.500000
3.500000
0.012793
-0.500000
3.500000
0.012793
-0.500000
3.500000
0.012884
-0.500000
3.500000
0.012902
-0.500000
3.500000
0.012731
-0.500000
3.750000
0.012793
-0.500000
3.749999
0.012817
-0.500000
3.750000
0.012909
-0.500000
3.750000
0.012901
-0.500001
3.750000
0.013034
-0.500000
3.750000
0.012910
-0.500001
3.750000
0.012732
-0.500000
3.750000
0.012884
-0.500000
3.750000
0.012793
-0.500000
3.750000
0.012793
-0.499999
3.750000
0.013035
-0.499999
3.750000
0.012962
-0.500000
4.000000
0.012793
-0.500000
4.000000
0.012793
-0.499999
3.999999
0.012817
-0.500000
4.000000
0.012896
-0.500000
4.000000
0.012884
-0.500000
4.000000
0.012793
-0.500000
3.999999
0.012967
-0.500000
3.999999
0.013031
-0.500000
4.000000
0.012793
-0.500000
4.000000
0.012793
-0.499999
4.000000
0.013031
-0.499999
4.000001
0.013042
-0.500000
4.250000
0.012793
-0.500000
4.250000
0.012793
-0.500000
4.250000
0.012793
-0.500000
4.250000
0.012793
-0.500000
4.250000
0.012793
-0.500000
4.250000
0.012793
-0.500000
4.250000
0.012793
-0.500000
4.250000
0.012895
-0.500000
4.250000
0.012793
-0.500000
4.250000
0.012793
-0.499999
4.250000
0.013035
-0.500000
4.250000
0.012814
-0.250000
0.000000
0.012793
-0.250000
0.000001
0.012944
-0.250000
0.000000
0.012793
-0.250002
0.000001
0.012882
-0.250000
-0.000001
0.012996
-0.249999
0.000001
0.012817
-0.250000
-0.000000
0.012897
-0.250000
0.000000
0.012793
-0.250001
0.000001
0.012817
-0.250000
-0.000000
0.012898
-0.250000
0.000000
0.012793
-0.249999
-0.000000
0.012736
-0.250000
0.250000
0.012908
-0.250000
0.250001
0.012983
-0.250001
0.250001
0.012818
-0.250000
0.250000
0.012793
-0.250001
0.250000
0.012978
-0.250001
0.249999
0.013031
-0.250000
0.249999
0.012977
-0.250000
0.249999
0.013030
-0.249999
0.249999
0.012776
-0.250000
0.250000
0.012793
-0.250000
0.250000
0.012910
-0.250000
0.250000
0.012793
-0.249999
0.500001
0.012811
-0.250000
0.500000
0.012793
-0.250000
0.500001
0.012966
-0.250000
0.500000
0.012793
-0.250000
0.500000
0.012884
-0.250001
0.499999
0.013036
-0.250000
0.500000
0.012793
-0.250000
0.500000
0.012793
-0.250000
0.500000
0.012896
-0.250000
0.500000
0.012899
-0.250000
0.500000
0.012793
-0.249999
0.500000
0.012962
-0.250000
0.750000
0.012793
-0.250000
0.750000
0.012793
-0.250000
0.750000
0.012881
-0.250000
0.750000
0.012899
-0.250000
0.750000
0.012884
-0.250000
0.750000
0.012793
-0.250000
0.749999
0.012977
-0.250000
0.749999
0.013030
-0.250000
0.749999
0.012962
-0.250000
0.750000
0.012793
-0.250001
0.750000
0.012817
-0.249999
0.750001
0.012860
-0.250000
1.000000
0.012793
-0.250000
1.000001
0.012968
-0.250001
1.000001
0.012770
-0.250001
1.000001
0.012818
-0.250001
1.000000
0.012977
-0.250001
0.999999
0.013030
-0.250000
1.000000
0.012887
-0.250000
0.999999
0.012772
-0.249999
0.999999
0.013031
-0.249999
1.000000
0.012977
-0.249999
1.000000
0.013030
-0.250000
1.000000
0.012814
-0.249999
1.250001
0.012811
-0.250000
1.250000
0.012793
-0.250000
1.250000
0.012793
-0.250000
1.250000
0.012793
-0.250000
1.250000
0.012884
-0.250000
1.250000
0.012819
-0.250000
1.250000
0.012942
-0.250000
1.250000
0.012896
-0.250000
1.250000
0.012793
-0.250000
1.250000
0.012793
-0.250000
1.250000
0.012793
-0.250000
1.250000
0.012793
-0.250000
1.750000
0.012909
-0.250000
1.750000
0.012793
-0.250000
1.750000
0.012814
-0.249999
1.750000
0.012817
-0.250001
1.750000
0.012847
-0.250000
1.750000
0.012901
-0.250000
1.750000
0.012884
-0.250000
1.750000
0.012819
-0.249999
1.749999
0.012861
-0.249999
1.750000
0.012849
-0.249999
1.750000
0.012947
-0.250000
1.750000
0.012793
-0.250000
2.500001
0.012962
-0.250000
2.500000
0.012895
-0.250000
2.500000
0.012728
-0.250001
2.500000
0.013034
-0.250001
2.500000
0.013042
-0.250000
2.500000
0.012793
-0.250000
2.500000
0.012903
-0.250000
2.499999
0.013035
-0.250000
2.499999
0.012962
-0.250000
2.500000
0.012793
-0.249999
2.500000
0.013033
-0.250000
2.500000
0.012793
-0.250000
2.750001
0.012846
-0.250000
2.750001
0.012806
-0.250000
2.750000
0.012793
-0.250000
2.749999
0.012814
-0.250000
2.750000
0.012793
-0.250000
2.750000
0.012793
-0.250000
2.750000
0.012793
-0.250000
2.749999
0.012774
-0.249999
2.749999
0.012818
-0.249999
2.749999
0.012768
-0.249999
2.750000
0.013031
-0.249999
2.750000
0.012962
-0.250000
3.000000
0.012819
-0.250000
3.000000
0.012910
-0.250000
3.000000
0.012793
-0.250001
3.000000
0.012972
-0.250000
3.000000
0.012884
-0.250001
2.999999
0.012823
-0.250001
2.999999
0.012768
-0.250000
3.000000
0.012793
-0.250000
3.000000
0.012793
-0.250000
3.000000
0.012896
-0.250000
3.000000
0.012793
-0.250000
3.000000
0.012793
-0.250000
3.250000
0.012793
-0.250001
3.250000
0.012814
-0.249999
3.249999
0.012817
-0.250001
3.250000
0.012861
-0.250000
3.250000
0.012793
-0.250000
3.250000
0.012793
-0.250000
3.250000
0.012793
-0.250000
3.249999
0.012971
-0.249999
3.249999
0.013031
-0.249999
3.250000
0.012977
-0.250000
3.250000
0.012793
-0.250000
3.250000
0.012793
-0.250000
3.500000
0.012793
-0.250000
3.500001
0.013026
-0.250000
3.500000
0.012793
-0.250000
3.499999
0.012814
-0.250001
3.500000
0.013022
-0.250000
3.500000
0.012793
-0.250000
3.499999
0.012985
-0.249999
3.500000
0.012814
-0.250000
3.500000
0.012891
-0.249999
3.500000
0.012861
-0.250000
3.500000
0.012916
-0.249999
3.500001
0.013035
-0.250000
3.750000
0.012793
-0.250000
3.750000
0.012740
-0.250000
3.750000
0.012885
-0.250000
3.750000
0.012793
-0.250000
3.750000
0.012900
-0.250001
3.750000
0.012981
-0.250000
3.750000
0.012885
-0.250000
3.750000
0.012819
-0.250000
3.750000
0.012906
-0.250000
3.750000
0.012900
-0.250000
3.750000
0.012793
-0.250000
3.750000
0.012793
-0.250000
4.000000
0.012793
-0.250000
4.000000
0.012817
-0.250000
4.000000
0.012793
-0.250000
4.000000
0.012793
-0.250000
4.000000
0.012884
-0.250000
4.000000
0.012793
-0.250000
3.999999
0.012967
-0.250000
4.000000
0.012793
-0.250000
3.999999
0.012967
-0.249999
4.000000
0.013031
-0.249999
4.000000
0.012768
-0.250001
3.999999
0.012817
-0.249999
4.250000
0.012744
-0.250000
4.250001
0.012958
-0.249999
4.250000
0.012724
-0.250000
4.249999
0.012814
-0.250000
4.250000
0.012793
-0.250000
4.250000
0.012793
-0.250000
4.250000
0.012793
-0.249999
4.250000
0.012992
-0.250000
4.250000
0.012793
-0.249999
4.250000
0.012975
-0.250000
4.250000
0.012793
-0.249999
4.250001
0.013042
-0.250000
4.500000
0.012887
-0.250000
4.500000
0.012739
-0.250001
4.500001
0.013035
-0.250001
4.500000
0.012962
-0.250000
4.500000
0.012895
-0.250000
4.500000
0.012793
-0.250000
4.499999
0.013034
-0.249999
4.500000
0.012814
-0.249999
4.499999
0.012777
-0.249999
4.500000
0.012966
-0.249999
4.500000
0.013031
-0.249999
4.500001
0.012828
-0.000000
-0.000001
0.012817
0.000000
0.000000
0.012793
0.000000
0.000000
0.012793
0.000000
0.000000
0.012900
-0.000000
0.000000
0.012899
-0.000001
-0.000001
0.013034
-0.000000
-0.000001
0.012962
-0.000000
0.000000
0.012884
-0.000000
-0.000000
0.012902
0.000000
0.000000
0.012793
0.000001
0.000000
0.012971
0.000000
0.000000
0.012793
0.000000
0.250000
0.012793
0.000000
0.250000
0.012895
0.000000
0.250000
0.012884
0.000000
0.250000
0.012793
-0.000001
0.250000
0.013035
0.000000
0.250000
0.012793
0.000000
0.250000
0.012793
0.000000
0.249999
0.012967
-0.000000
0.250000
0.012884
0.000000
0.250000
0.012793
0.000000
0.250000
0.012793
-0.000001
0.249999
0.012817
0.000000
0.500000
0.012897
-0.000000
0.500001
0.013036
0.000000
0.500000
0.012793
0.000000
0.500000
0.012895
-0.000001
0.500000
0.013033
-0.000001
0.500000
0.012977
-0.000000
0.499999
0.012981
-0.000000
0.500000
0.012885
0.000001
0.499999
0.013036
0.000000
0.500001
0.012814
0.000001
0.500000
0.013026
0.000000
0.500000
0.012910
-0.000001
0.750000
0.012814
-0.000001
0.750000
0.012814
0.000001
0.749999
0.012817
-0.000000
0.750001
0.012700
0.000000
0.750000
0.012884
0.000000
0.750000
0.012793
0.000000
0.750000
0.012793
-0.000000
0.750000
0.012885
0.000000
0.750000
0.012793
0.000001
0.750000
0.013031
-0.000000
0.750001
0.012814
-0.000001
0.749999
0.012817
-0.000000
0.999999
0.012817
0.000000
1.000000
0.012883
-0.000000
1.000001
0.012975
0.000000
1.000000
0.012722
0.000000
1.000000
0.012884
-0.000001
1.000000
0.012983
-0.000000
1.000000
0.012895
0.000001
1.000000
0.012814
0.000000
1.000000
0.012793
0.000000
1.000000
0.012793
0.000001
1.000000
0.012962
0.000000
1.000000
0.012895
0.000000
1.250000
0.012928
0.000000
1.250000
0.012793
0.000000
1.250000
0.012895
-0.000001
1.250000
0.013043
0.000000
1.250000
0.012793
-0.000000
1.250000
0.012902
-0.000000
1.249999
0.013035
0.000000
1.250000
0.012793
0.000000
1.249999
0.012972
-0.000001
1.249999
0.012724
0.000000
1.250000
0.012819
0.000000
1.250000
0.012893
0.000000
2.250000
0.012793
-0.000001
2.250000
0.012988
-0.000000
2.250001
0.012978
0.000000
2.250000
0.012884
-0.000001
2.250000
0.012971
0.000000
2.250000
0.012793
0.000000
2.250001
0.012817
-0.000000
2.250000
0.012910
0.000000
2.250000
0.012793
0.000001
2.249999
0.012818
-0.000000
2.250001
0.012814
0.000001
2.250001
0.013026
0.000000
2.500000
0.012793
-0.000000
2.500001
0.012971
0.000000
2.500000
0.012897
-0.000001
2.500000
0.012981
0.000000
2.500000
0.012885
0.000000
2.500000
0.012793
0.000001
2.500000
0.012814
0.000000
2.499999
0.013036
-0.000000
2.500000
0.012911
0.000000
2.500000
0.012793
0.000000
2.500000
0.012793
0.000001
2.500000
0.012971
0.000000
2.750000
0.012884
0.000000
2.750000
0.012820
0.000000
2.750000
0.012793
0.000000
2.750000
0.012793
-0.000000
2.750000
0.012819
-0.000000
2.750000
0.012917
0.000000
2.750000
0.012793
0.000000
2.749999
0.012981
-0.000000
2.750000
0.012885
0.000000
2.750000
0.012793
0.000000
2.749999
0.012720
0.000000
2.750000
0.012793
0.000000
3.000000
0.012819
0.000000
3.000000
0.012793
0.000000
3.000000
0.012899
0.000001
3.000000
0.012817
-0.000001
3.000000
0.012744
-0.000001
2.999999
0.012822
0.000000
3.000000
0.012793
0.000000
2.999999
0.013026
0.000000
2.999999
0.012977
0.000000
3.000000
0.012793
0.000001
3.000000
0.013036
0.000000
3.000000
0.012793
0.000000
3.250000
0.012938
-0.000000
3.250001
0.012769
-0.000001
3.250001
0.013031
-0.000001
3.250000
0.013042
0.000000
3.250000
0.012793
-0.000000
3.250000
0.012819
0.000000
3.250000
0.012793
0.000000
3.250000
0.012793
0.000000
3.249999
0.012982
-0.000000
3.250000
0.012895
-0.000000
3.250000
0.012884
0.000000
3.250000
0.012793
0.000000
3.500000
0.012793
-0.000001
3.500000
0.012814
-0.000001
3.500001
0.013043
0.000000
3.500000
0.012793
-0.000001
3.500000
0.012961
-0.000000
3.500000
0.012884
-0.000000
3.500000
0.012819
-0.000001
3.500000
0.012725
0.000000
3.500000
0.012793
0.000000
3.500000
0.012793
0.000000
3.500000
0.012793
0.000000
3.500000
0.012793
-0.000001
3.750000
0.012814
0.000000
3.750000
0.012882
-0.000000
3.750001
0.012981
-0.000001
3.750000
0.012981
-0.000000
3.750000
0.012895
-0.000000
3.750000
0.012884
0.000000
3.750000
0.012793
0.000000
3.750000
0.012793
0.000000
3.749999
0.012984
0.000000
3.750001
0.012814
0.000001
3.750000
0.013026
0.000000
3.750000
0.012793
-0.000001
4.000000
0.012814
0.000000
4.000000
0.012793
-0.000000
4.000000
0.012814
-0.000001
4.000000
0.013026
0.000000
4.000000
0.012793
-0.000000
4.000000
0.012895
-0.000000
4.000000
0.012884
0.000000
4.000000
0.012793
0.000000
4.000000
0.012793
0.000000
4.000000
0.012793
0.000001
4.000000
0.012970
-0.000000
4.000000
0.012814
0.000000
4.250001
0.012972
0.000000
4.250000
0.012793
0.000000
4.250000
0.012898
0.000000
4.250000
0.012793
-0.000001
4.250000
0.012971
-0.000001
4.249999
0.013031
0.000000
4.250000
0.012793
0.000000
4.250000
0.012793
0.000000
4.249999
0.012962
0.000000
4.250000
0.012793
0.000001
4.250000
0.013023
0.000000
4.250000
0.012793
0.000000
4.500001
0.013035
0.000000
4.500000
0.012887
0.000000
4.500000
0.012793
-0.000001
4.500000
0.012860
-0.000001
4.500000
0.012947
-0.000000
4.500000
0.012884
-0.000000
4.500000
0.012902
0.000000
4.499999
0.013035
0.000001
4.499999
0.013047
0.000001
4.499999
0.012825
0.000000
4.500000
0.012879
0.000001
4.500000
0.012968
0.250000
-0.000000
0.012928
0.250000
0.000000
0.012793
0.250000
0.000000
0.012793
0.250000
0.000000
0.012793
0.250000
-0.000001
0.012814
0.250000
-0.000000
0.012814
0.250000
0.000001
0.012817
0.250000
0.000000
0.012793
0.250001
-0.000001
0.012854
0.250000
-0.000000
0.012947
0.250000
0.000000
0.012793
0.250001
0.000001
0.012770
0.250000
0.250001
0.012980
0.250000
0.250000
0.012917
0.249999
0.250001
0.012767
0.250000
0.250000
0.012793
0.250000
0.250000
0.012793
0.250000
0.250001
0.012724
0.250000
0.250000
0.012902
0.249999
0.250000
0.012725
0.250000
0.250000
0.012793
0.250000
0.250000
0.012884
0.250000
0.250000
0.012793
0.250000
0.250000
0.012793
0.250000
0.500000
0.012941
0.250000
0.500001
0.013038
0.250000
0.500000
0.012793
0.249999
0.500000
0.012973
0.250000
0.500000
0.012884
0.250000
0.500000
0.012819
0.249999
0.500000
0.012736
0.250000
0.499999
0.012982
0.250000
0.500000
0.012793
0.250000
0.500000
0.012793
0.250000
0.500000
0.012902
0.250000
0.500000
0.012900
0.250000
0.750000
0.012820
0.250000
0.750001
0.012808
0.250000
0.750000
0.012908
0.249999
0.750000
0.012982
0.249999
0.750000
0.012981
0.250000
0.750000
0.012885
0.250000
0.750000
0.012793
0.250000
0.750000
0.012793
0.250000
0.749999
0.012971
0.250000
0.750000
0.012793
0.250000
0.750000
0.012902
0.250000
0.750000
0.012793
0.250000
1.000000
0.012819
0.250000
1.000000
0.012793
0.250000
1.000001
0.012982
0.250000
1.000000
0.012895
0.250000
0.999999
0.012814
0.250000
1.000000
0.012793
0.250000
1.000000
0.012793
0.250000
1.000000
0.012884
0.250001
0.999999
0.013036
0.250000
1.000000
0.012793
0.250000
1.000000
0.012793
0.250000
1.000000
0.012793
0.250000
1.250000
0.012910
0.250000
1.250001
0.012761
0.250000
1.250000
0.012884
0.250000
1.250000
0.012793
0.249999
1.250000
0.013031
0.250000
1.250000
0.012814
0.250000
1.249999
0.012950
0.250000
1.250000
0.012793
0.250000
1.250000
0.012885
0.250001
1.250000
0.012971
0.250000
1.250000
0.012793
0.250001
1.250000
0.012971
0.250000
1.750000
0.012793
0.250000
1.750001
0.012853
0.250000
1.750000
0.012793
0.250000
1.750000
0.012908
0.250000
1.750000
0.012884
0.249999
1.749999
0.013036
0.250000
1.750000
0.012911
0.250000
1.750000
0.012793
0.250001
1.749999
0.013034
0.250000
1.750000
0.012910
0.250000
1.750000
0.012793
0.250000
1.750000
0.012884
0.250000
2.000000
0.012793
0.250000
2.000000
0.012901
0.250000
2.000000
0.012884
0.249999
1.999999
0.013005
0.250000
2.000000
0.012896
0.249999
2.000000
0.012749
0.250000
2.000000
0.012793
0.250000
1.999999
0.013046
0.250000
2.000000
0.012793
0.250001
2.000000
0.013032
0.250000
2.000000
0.012793
0.250000
2.000000
0.012884
0.250000
2.250000
0.012939
0.250000
2.250000
0.012793
0.250000
2.250000
0.012887
0.250000
2.250000
0.012793
0.250000
2.250000
0.012793
0.249999
2.249999
0.012861
0.250000
2.250000
0.012817
0.250000
2.250000
0.012793
0.250000
2.250000
0.012964
0.250001
2.250000
0.013049
0.250001
2.250000
0.013046
0.250001
2.250001
0.012832
0.250000
2.500000
0.012910
0.250000
2.500000
0.012793
0.250000
2.500000
0.012884
0.250000
2.500000
0.012819
0.250000
2.500001
0.012731
0.250000
2.500000
0.012884
0.250000
2.499999
0.012971
0.250000
2.500000
0.012897
0.250000
2.499999
0.012972
0.249999
2.499999
0.012828
0.250000
2.500000
0.012793
0.250000
2.500000
0.012793
0.250000
2.750001
0.013035
0.250000
2.750001
0.012962
0.250000
2.750001
0.012980
0.250000
2.750000
0.012793
0.250000
2.750000
0.012910
0.250000
2.750000
0.012793
0.250000
2.750000
0.012793
0.250000
2.749999
0.013032
0.250000
2.750000
0.012793
0.250001
2.749999
0.012772
0.250000
2.750000
0.012793
0.250000
2.750000
0.012793
0.250000
3.000000
0.012793
0.250000
3.000001
0.012861
0.250000
3.000000
0.012793
0.250000
3.000000
0.012941
0.250000
3.000000
0.012793
0.249999
3.000000
0.012962
0.250001
3.000000
0.012814
0.250000
3.000000
0.012793
0.250000
2.999999
0.012954
0.250001
2.999999
0.012818
0.250000
3.000000
0.012793
0.250000
3.000000
0.012793
0.250000
3.250000
0.012930
0.249999
3.250000
0.012992
0.250000
3.250000
0.012793
0.249999
3.250000
0.012981
0.250000
3.250000
0.012722
0.250000
3.250000
0.012898
0.250000
3.250000
0.012884
0.250000
3.250000
0.012793
0.250001
3.249999
0.012760
0.250002
3.249999
0.012829
0.250000
3.250000
0.012899
0.250000
3.249999
0.012725
0.250000
3.500000
0.012939
0.250000
3.500001
0.012973
0.250000
3.500000
0.012793
0.250000
3.500000
0.012910
0.250000
3.499999
0.012814
0.250000
3.500000
0.012814
0.250000
3.500000
0.012793
0.250000
3.500000
0.012895
0.250001
3.499999
0.013033
0.250000
3.500000
0.012910
0.250000
3.500000
0.012885
0.250000
3.500000
0.012793
0.250000
3.750000
0.012793
0.250000
3.750000
0.012793
0.250000
3.750001
0.012973
0.250000
3.750000
0.012914
0.249999
3.750000
0.012822
0.250000
3.750000
0.012793
0.250000
3.750000
0.012884
0.250000
3.750000
0.012793
0.250000
3.750000
0.012900
0.250000
3.750000
0.012793
0.250000
3.750000
0.012819
0.250000
3.750000
0.012793
0.250000
4.000000
0.012817
0.250000
4.000000
0.012793
0.249999
4.000001
0.013032
0.250000
4.000000
0.012793
0.249999
4.000000
0.013028
0.249999
3.999999
0.013041
0.250000
4.000000
0.012793
0.250000
3.999999
0.012848
0.250000
4.000000
0.012793
0.250000
4.000000
0.012897
0.250001
4.000000
0.012981
0.250001
4.000001
0.013031
0.250000
4.250000
0.012910
0.250000
4.250000
0.012819
0.250000
4.250000
0.012893
0.250000
4.250000
0.012793
0.250000
4.250000
0.012793
0.249999
4.249999
0.012823
0.250000
4.250000
0.012793
0.250000
4.250000
0.012730
0.250000
4.249999
0.012981
0.250001
4.250000
0.012949
0.250000
4.250000
0.012884
0.250001
4.250000
0.012960
0.500000
0.000000
0.012793
0.500000
0.000001
0.013026
0.499999
0.000001
0.012767
0.499999
0.000000
0.013031
0.499999
-0.000000
0.012962
0.500000
0.000000
0.012793
0.500000
-0.000001
0.012967
0.500000
-0.000001
0.013031
0.500000
0.000000
0.012793
0.500000
0.000000
0.012793
0.500000
-0.000000
0.012895
0.500000
0.000000
0.012814
0.500000
0.250000
0.012793
0.500000
0.250001
0.012971
0.500000
0.250000
0.012793
0.499999
0.250000
0.013033
0.500000
0.249999
0.012996
0.500000
0.250000
0.012793
0.500000
0.249999
0.012847
0.500000
0.249999
0.012945
0.500000
0.250000
0.012817
0.500000
0.250000
0.012909
0.500000
0.250001
0.012992
0.500001
0.250001
0.013023
0.500000
0.500001
0.013041
0.500000
0.500000
0.012793
0.499999
0.500001
0.013032
0.500000
0.500000
0.012793
0.499999
0.500000
0.012978
0.500000
0.500000
0.012793
0.500001
0.500000
0.012814
0.500000
0.500000
0.012793
0.500000
0.500000
0.012793
0.500001
0.500000
0.013033
0.500000
0.500000
0.012910
0.500001
0.500001
0.012822
0.500000
0.750000
0.012819
0.500000
0.750000
0.012910
0.500000
0.750001
0.012959
0.500000
0.750000
0.012793
0.499999
0.750000
0.012781
0.500000
0.750000
0.012793
0.500000
0.750000
0.012793
0.500000
0.749999
0.012768
0.500001
0.749999
0.012779
0.500001
0.749999
0.012818
0.500000
0.750000
0.012793
0.500000
0.750000
0.012793
0.500000
1.000001
0.012996
0.500000
1.000001
0.012977
0.500000
1.000000
0.012793
0.500000
0.999999
0.012814
0.500000
1.000000
0.012793
0.499999
0.999999
0.013036
0.500000
0.999999
0.012962
0.500000
1.000000
0.012884
0.500000
1.000000
0.012793
0.500001
1.000000
0.012948
0.500000
1.000000
0.012793
0.500000
1.000000
0.012793
0.500000
1.250000
0.012928
0.500000
1.250000
0.012901
0.500000
1.250000
0.012793
0.499999
1.250000
0.012962
0.500000
1.250000
0.012793
0.500000
1.250000
0.012793
0.500000
1.249999
0.013033
0.500000
1.249999
0.012962
0.500000
1.250000
0.012793
0.500000
1.250000
0.012793
0.500000
1.250000
0.012793
0.500000
1.250000
0.012793
0.500001
1.500000
0.012762
0.500000
1.500001
0.012982
0.500000
1.500000
0.012793
0.500000
1.500000
0.012884
0.500000
1.500000
0.012793
0.500000
1.500000
0.012911
0.500000
1.500000
0.012793
0.500000
1.500000
0.012752
0.500000
1.500000
0.012814
0.500001
1.500000
0.012971
0.500000
1.500000
0.012793
0.500000
1.500000
0.012793
0.500000
1.750000
0.012793
0.500000
1.750000
0.012793
0.500000
1.750000
0.012879
0.500000
1.750000
0.012793
0.500000
1.750000
0.012793
0.500000
1.750000
0.012793
0.500000
1.749999
0.013037
0.500000
1.750000
0.012793
0.499999
1.750001
0.012817
0.500001
1.750000
0.012860
0.500000
1.750000
0.012793
0.500000
1.750000
0.012906
0.500000
2.000000
0.012793
0.500000
2.000000
0.012899
0.500000
2.000000
0.012908
0.500000
2.000000
0.012793
0.499999
2.000000
0.013035
0.500000
2.000000
0.012793
0.500000
2.000000
0.012793
0.500001
2.000000
0.012814
0.500001
1.999999
0.013026
0.500000
2.000001
0.012814
0.500001
2.000000
0.012950
0.500000
2.000000
0.012896
0.500000
2.250000
0.012793
0.499999
2.250000
0.012814
0.500000
2.250000
0.012814
0.500000
2.250000
0.012793
0.500000
2.250000
0.012896
0.499999
2.249999
0.013033
0.500000
2.250000
0.012793
0.500000
2.249999
0.012978
0.500000
2.250000
0.012793
0.500001
2.250000
0.012951
0.500001
2.250000
0.012762
0.500000
2.250000
0.012793
0.500000
2.500000
0.012793
0.500000
2.500001
0.012981
0.500000
2.500000
0.012885
0.500000
2.500000
0.012819
0.500000
2.500000
0.012895
0.500000
2.500000
0.012793
0.500000
2.500000
0.012793
0.500000
2.500000
0.012906
0.500000
2.500000
0.012793
0.500001
2.500000
0.012980
0.500001
2.500000
0.013031
0.500001
2.500000
0.012962
0.500001
2.750000
0.012760
0.499999
2.750000
0.012814
0.499999
2.750001
0.013043
0.500000
2.750000
0.012879
0.500000
2.750000
0.012884
0.499999
2.750000
0.012983
0.500001
2.750000
0.012814
0.500000
2.750000
0.012902
0.500000
2.750000
0.012793
0.500000
2.750000
0.012793
0.500000
2.750000
0.012884
0.500000
2.750000
0.012793
0.500000
3.000001
0.012969
0.500000
3.000001
0.012949
0.500000
3.000000
0.012793
0.500000
3.000000
0.012793
0.500000
3.000000
0.012900
0.500000
3.000000
0.012899
0.500000
2.999999
0.013034
0.500001
3.000000
0.012814
0.500000
3.000000
0.012793
0.500000
3.000000
0.012910
0.500001
3.000000
0.013035
0.500001
3.000000
0.012962
0.500000
3.250000
0.012918
0.500000
3.250000
0.012749
0.500000
3.250000
0.012814
0.500000
3.250000
0.012793
0.500000
3.250000
0.012793
0.499999
3.250000
0.012699
0.500000
3.250000
0.012902
0.500000
3.249999
0.012972
0.500000
3.249999
0.012949
0.500001
3.250000
0.013031
0.500000
3.250000
0.012793
0.500001
3.250000
0.012969
0.500000
3.500000
0.012819
0.500000
3.500000
0.012901
0.500000
3.500000
0.012909
0.500000
3.500000
0.012793
0.499999
3.500000
0.012973
0.500000
3.500001
0.012724
0.500000
3.500000
0.012793
0.500001
3.500000
0.012814
0.500000
3.500000
0.012793
0.500000
3.500000
0.012910
0.500000
3.500000
0.012793
0.500000
3.500000
0.012793
0.500000
3.750000
0.012819
0.500000
3.750001
0.012849
0.500000
3.750000
0.012793
0.500000
3.750000
0.012793
0.499999
3.750000
0.013033
0.500000
3.750000
0.012793
0.500000
3.750000
0.012793
0.500000
3.750000
0.012793
0.500000
3.749999
0.012983
0.500001
3.749999
0.012818
0.500001
3.750000
0.013042
0.500000
3.750000
0.012819
0.500000
4.000000
0.012793
0.500000
3.999999
0.012817
0.500000
4.000000
0.012793
0.499999
4.000000
0.013035
0.499999
4.000000
0.012977
0.500000
4.000000
0.012793
0.500000
4.000000
0.012793
0.500000
3.999999
0.012776
0.500001
3.999999
0.012779
0.500000
4.000001
0.012814
0.500001
4.000000
0.012954
0.500000
4.000000
0.012743
0.500000
4.250000
0.012793
0.500000
4.250000
0.012793
0.500000
4.250000
0.012901
0.500000
4.250000
0.012793
0.500000
4.249999
0.012814
0.500000
4.250000
0.012793
0.500000
4.249999
0.012981
0.500000
4.249999
0.012949
0.500001
4.249999
0.012831
0.499999
4.249999
0.012730
0.500001
4.250000
0.012983
0.500000
4.250000
0.012793
0.750000
-0.000000
0.012928
0.750000
0.000001
0.012958
0.750000
0.000000
0.012896
0.750000
0.000000
0.012793
0.749999
-0.000000
0.012962
0.749999
-0.000001
0.013031
0.750000
0.000000
0.012793
0.750000
0.000000
0.012887
0.750000
0.000000
0.012793
0.750000
0.000001
0.012814
0.750001
0.000000
0.012955
0.750000
-0.000000
0.012884
0.750000
0.250000
0.012821
0.750000
0.250000
0.012793
0.750000
0.250000
0.012793
0.750000
0.250000
0.012793
0.750000
0.250001
0.012730
0.750000
0.250000
0.012793
0.750000
0.250000
0.012793
0.750000
0.250000
0.012793
0.750000
0.250000
0.012793
0.750000
0.250000
0.012793
0.750001
0.250000
0.012981
0.750001
0.250001
0.013031
0.750000
0.500001
0.013042
0.750000
0.500000
0.012793
0.750000
0.500000
0.012793
0.750000
0.500001
0.012763
0.750000
0.500000
0.012901
0.750000
0.500000
0.012793
0.750000
0.499999
0.013035
0.750001
0.500000
0.012814
0.750000
0.500000
0.012793
0.750000
0.500000
0.012897
0.750000
0.500000
0.012793
0.750000
0.500000
0.012793
0.750000
0.750000
0.012793
0.750000
0.750000
0.012793
0.750000
0.750000
0.012814
0.750000
0.750000
0.012793
0.750000
0.750000
0.012793
0.749999
0.749999
0.012827
0.750000
0.750000
0.012819
0.750000
0.750000
0.012910
0.750001
0.749998
0.012829
0.750000
0.750000
0.012793
0.750000
0.750000
0.012885
0.750000
0.750000
0.012793
0.750001
1.000000
0.012734
0.750000
1.000000
0.012793
0.750000
1.000000
0.012882
0.749999
1.000000
0.012954
0.750000
1.000000
0.012896
0.749999
1.000000
0.012981
0.750000
1.000000
0.012793
0.750001
1.000000
0.012814
0.750000
0.999999
0.012963
0.750001
0.999999
0.012831
0.750000
1.000000
0.012793
0.750000
1.000000
0.012892
0.750000
1.250000
0.012793
0.750000
1.250000
0.012899
0.750000
1.250000
0.012884
0.750000
1.250000
0.012819
0.750000
1.250000
0.012793
0.750000
1.250000
0.012793
0.750000
1.250000
0.012884
0.750000
1.250000
0.012902
0.750000
1.250000
0.012793
0.750000
1.250000
0.012793
0.750001
1.250000
0.012961
0.750000
1.250000
0.012793
0.750000
1.500000
0.012909
0.750000
1.500001
0.013041
0.750000
1.500000
0.012879
0.749999
1.500001
0.012771
0.750000
1.499999
0.012814
0.749999
1.500000
0.012972
0.750000
1.500000
0.012889
0.750000
1.500000
0.012885
0.750000
1.500000
0.012902
0.750000
1.500000
0.012793
0.750000
1.500000
0.012918
0.750001
1.500001
0.012822
0.750000
1.750000
0.012793
0.749999
1.750000
0.012814
0.750000
1.750000
0.012793
0.750000
1.750000
0.012793
0.750000
1.750000
0.012793
0.750000
1.750000
0.012793
0.750000
1.750000
0.012732
0.750000
1.750000
0.012730
0.750001
1.749999
0.013034
0.750000
1.750000
0.012793
0.750000
1.750000
0.012793
0.750000
1.750000
0.012897
0.750000
2.000000
0.012793
0.750000
2.000001
0.012853
0.750000
2.000000
0.012817
0.750000
2.000000
0.012817
0.750000
2.000000
0.012916
0.750000
2.000000
0.012793
0.750001
2.000000
0.012814
0.750000
1.999999
0.012810
0.750000
2.000000
0.012793
0.750000
2.000000
0.012793
0.750000
2.000000
0.012819
0.750000
2.000000
0.012913
0.750000
2.250000
0.012793
0.750000
2.250000
0.012911
0.750000
2.250000
0.012793
0.750000
2.250000
0.012910
0.750000
2.250000
0.012793
0.750000
2.250000
0.012793
0.750000
2.250000
0.012884
0.750000
2.249999
0.012830
0.750000
2.250000
0.012793
0.750000
2.250000
0.012793
0.750000
2.250000
0.012793
0.750000
2.250000
0.012793
0.750000
2.500000
0.012793
0.750000
2.500000
0.012793
0.749999
2.500001
0.012783
0.750000
2.499999
0.012814
0.750000
2.499999
0.012982
0.750000
2.500000
0.012882
0.750000
2.499999
0.013037
0.750000
2.499999
0.012716
0.750000
2.500000
0.012898
0.749999
2.499999
0.012724
0.750000
2.500000
0.012793
0.750000
2.500000
0.012793
0.750000
2.750000
0.012793
0.750000
2.750000
0.012819
0.750000
2.750000
0.012901
0.749999
2.750000
0.013042
0.750000
2.750000
0.012793
0.750000
2.750000
0.012793
0.750000
2.749999
0.013032
0.750000
2.750000
0.012793
0.750000
2.750000
0.012793
0.750000
2.750000
0.012793
0.750001
2.750000
0.012962
0.750000
2.750000
0.012895
0.750000
3.500000
0.012793
0.750000
3.500000
0.012793
0.750000
3.500000
0.012814
0.750000
3.499999
0.012814
0.749999
3.500000
0.012771
0.749999
3.499999
0.012817
0.750000
3.499999
0.013047
0.750000
3.499999
0.012985
0.750000
3.499999
0.012961
0.750000
3.500001
0.012814
0.750000
3.500000
0.012793
0.750000
3.500000
0.012793
0.750000
3.750000
0.012909
0.750000
3.750001
0.012767
0.750001
3.750000
0.012724
0.750000
3.750000
0.012925
0.750000
3.750000
0.012793
0.749999
3.749999
0.013031
0.750000
3.749999
0.012962
0.750000
3.750000
0.012793
0.750001
3.749999
0.013043
0.750000
3.750000
0.012819
0.750001
3.750000
0.012848
0.750001
3.750000
0.012771
0.750000
4.000001
0.012981
0.750000
4.000001
0.012981
0.750000
4.000000
0.012793
0.750000
4.000000
0.012910
0.749999
4.000000
0.012982
0.750000
3.999999
0.012984
0.750000
4.000000
0.012793
0.750000
3.999999
0.012962
0.750000
4.000000
0.012793
0.750001
3.999999
0.012825
0.750001
4.000000
0.013026
0.750000
4.000000
0.012896
0.750000
4.249999
0.012782
0.750000
4.250001
0.012973
0.750000
4.250001
0.012980
0.750000
4.250000
0.012793
0.750000
4.249999
0.012814
0.749999
4.250000
0.012978
0.750001
4.250000
0.012814
0.750000
4.249999
0.012954
0.750000
4.250000
0.012761
0.750000
4.250000
0.012793
0.750000
4.250000
0.012793
0.750001
4.250001
0.013034
1.000000
-0.000000
0.012935
1.000000
0.000000
0.012793
1.000000
0.000000
0.012793
0.999999
0.000000
0.012972
1.000000
0.000000
0.012793
1.000000
0.000000
0.012793
1.000000
0.000000
0.012793
1.000000
0.000000
0.012793
1.000000
-0.000001
0.012973
1.000000
0.000000
0.012793
1.000000
0.000000
0.012793
0.999999
-0.000001
0.012817
1.000000
0.250000
0.012817
1.000000
0.250001
0.012945
0.999999
0.250001
0.013032
0.999999
0.250001
0.012768
0.999999
0.250000
0.012950
1.000000
0.250000
0.012793
1.000000
0.250000
0.012793
1.000000
0.250000
0.012793
0.999999
0.250000
0.012725
1.000000
0.250000
0.012910
1.000000
0.250000
0.012907
1.000000
0.249999
0.012725
1.000001
0.500001
0.012774
1.000000
0.500000
0.012793
0.999999
0.500001
0.013026
0.999999
0.500001
0.012834
0.999999
0.500000
0.012984
1.000000
0.500000
0.012793
1.000000
0.500000
0.012793
1.000000
0.500000
0.012910
1.000000
0.500000
0.012814
1.000000
0.500000
0.012793
1.000001
0.500000
0.012761
1.000001
0.500001
0.013035
1.000000
0.750000
0.012819
1.000000
0.750000
0.012793
1.000000
0.750000
0.012884
1.000000
0.750000
0.012819
0.999999
0.750000
0.012751
1.000000
0.750000
0.012814
1.000000
0.750000
0.012793
1.000001
0.750000
0.012814
1.000000
0.750000
0.012903
1.000001
0.750000
0.012958
1.000000
0.750000
0.012896
1.000001
0.750001
0.013033
1.000000
1.000000
0.012819
1.000000
1.000001
0.012859
1.000000
1.000000
0.012793
1.000000
1.000001
0.012749
1.000000
1.000000
0.012793
0.999999
0.999999
0.012783
1.000000
0.999999
0.012961
1.000000
1.000000
0.012884
1.000000
0.999999
0.012752
1.000001
1.000000
0.013049
1.000000
1.000000
0.012879
1.000001
1.000001
0.013046
1.000001
1.250001
0.012832
1.000000
1.250001
0.012984
1.000000
1.250000
0.012793
1.000001
1.250000
0.012817
1.000000
1.250000
0.012793
1.000000
1.250000
0.012793
1.000000
1.249999
0.013031
1.000000
1.250000
0.012752
1.000000
1.249999
0.012958
1.000000
1.250000
0.012793
1.000000
1.250000
0.012793
1.000000
1.250000
0.012901
1.000000
1.499999
0.012817
1.000000
1.500000
0.012793
1.000000
1.500000
0.012900
1.000000
1.500000
0.012793
1.000000
1.500000
0.012793
1.000000
1.500000
0.012814
1.000000
1.500000
0.012793
1.000000
1.500000
0.012884
1.000000
1.500000
0.012793
1.000001
1.500000
0.013031
1.000001
1.500000
0.012977
1.000000
1.500000
0.012793
1.000000
1.750001
0.013038
1.000000
1.750001
0.013028
1.000000
1.750000
0.012896
1.000000
1.750000
0.012793
1.000000
1.750000
0.012793
1.000000
1.750000
0.012793
1.000000
1.749999
0.012981
1.000000
1.749999
0.012967
1.000001
1.749999
0.013031
1.000000
1.750000
0.012793
1.000000
1.750001
0.012814
1.000000
1.750000
0.012793
1.000000
2.000001
0.013040
1.000000
2.000001
0.012973
1.000001
2.000000
0.012724
0.999999
2.000000
0.012960
1.000000
2.000000
0.012793
1.000000
2.000000
0.012902
1.000000
2.000001
0.012817
1.000000
2.000000
0.012910
1.000000
2.000000
0.012793
1.000001
2.000000
0.012957
1.000001
2.000000
0.012980
1.000000
2.000001
0.012983
0.999999
2.250001
0.012988
1.000000
2.250001
0.013032
1.000000
2.250000
0.012793
0.999999
2.250000
0.012970
0.999999
2.250000
0.012950
1.000000
2.250000
0.012793
1.000000
2.250000
0.012793
1.000000
2.250000
0.012793
1.000001
2.249999
0.012849
1.000000
2.250000
0.012793
1.000001
2.250000
0.012968
1.000000
2.250000
0.012793
1.000000
3.250000
0.012793
1.000000
3.250001
0.012984
1.000000
3.250000
0.012750
1.000000
3.250000
0.012793
1.000000
3.250000
0.012793
1.000000
3.250001
0.012725
1.000000
3.250000
0.012910
1.000000
3.250000
0.012901
1.000000
3.250000
0.012793
1.000001
3.250000
0.012986
1.000001
3.250000
0.012977
1.000000
3.250000
0.012793
1.000000
3.500000
0.012821
1.000000
3.500000
0.012793
1.000000
3.500000
0.012793
1.000000
3.499999
0.012814
1.000000
3.500000
0.012793
1.000000
3.500000
0.012887
1.000000
3.500000
0.012926
1.000000
3.500000
0.012885
1.000000
3.499999
0.012983
1.000000
3.500000
0.012793
1.000000
3.500000
0.012793
1.000000
3.500000
0.012793
1.000000
3.750001
0.012959
1.000000
3.750000
0.012743
1.000000
3.750000
0.012814
1.000000
3.750000
0.012896
1.000000
3.750000
0.012885
0.999999
3.749999
0.012767
1.000000
3.750000
0.012898
1.000000
3.749999
0.013041
1.000000
3.750000
0.012884
1.000000
3.750000
0.012793
1.000001
3.750000
0.013044
1.000000
3.750000
0.012793
1.000000
4.000000
0.012793
1.000000
4.000000
0.012817
1.000000
4.000000
0.012793
1.000000
4.000000
0.012897
1.000000
4.000000
0.012884
1.000000
4.000000
0.012793
1.000000
4.000000
0.012901
1.000000
4.000000
0.012793
1.000000
3.999999
0.012962
1.000000
4.000000
0.012793
1.000000
4.000000
0.012793
1.000000
4.000000
0.012793
1.250000
-0.000000
0.012928
1.250000
0.000000
0.012793
1.250000
0.000000
0.012793
1.249999
0.000000
0.013031
1.249999
0.000000
0.012768
1.250000
-0.000000
0.012814
1.250001
-0.000000
0.012814
1.250000
0.000001
0.012817
1.250000
0.000000
0.012793
1.250000
0.000000
0.012793
1.250001
0.000000
0.013040
1.250001
0.000000
0.012975
1.250000
0.250001
0.013038
1.250000
0.250000
0.012888
1.250000
0.250001
0.012981
1.250000
0.250000
0.012722
1.250000
0.250000
0.012884
1.249999
0.250000
0.012971
1.250000
0.250000
0.012793
1.250000
0.249999
0.012946
1.250001
0.249999
0.012759
1.250000
0.250000
0.012899
1.250000
0.250000
0.012885
1.250000
0.250000
0.012793
1.250000
0.500000
0.012817
1.250000
0.500001
0.012941
1.249999
0.500001
0.013045
1.250000
0.500000
0.012793
1.249999
0.500000
0.012781
1.249999
0.499999
0.012827
1.250000
0.500000
0.012793
1.250000
0.500000
0.012884
1.250000
0.500000
0.012793
1.250001
0.499999
0.012761
1.250000
0.499999
0.012827
1.250000
0.500000
0.012793
1.250000
0.750001
0.012998
1.250000
0.750000
0.012793
1.250000
0.750000
0.012793
1.249999
0.749999
0.012983
1.249999
0.750000
0.013035
1.250000
0.750000
0.012793
1.250000
0.750000
0.012793
1.250000
0.749999
0.012961
1.250000
0.750000
0.012793
1.250000
0.750000
0.012793
1.250000
0.750000
0.012793
1.250001
0.750001
0.013031
1.250000
1.000000
0.012910
1.250000
1.000001
0.012958
1.250000
1.000000
0.012793
1.250000
1.000000
0.012793
1.249999
1.000000
0.012948
1.250000
1.000000
0.012814
1.250000
1.000000
0.012793
1.250000
1.000000
0.012793
1.250000
1.000000
0.012887
1.250000
1.000000
0.012793
1.250000
1.000000
0.012904
1.250000
1.000000
0.012793
1.250000
1.250000
0.012817
1.250000
1.250000
0.012793
1.250000
1.250000
0.012942
1.249999
1.250000
0.012981
1.250000
1.250000
0.012895
1.250000
1.250000
0.012904
1.250000
1.250000
0.012793
1.250000
1.249999
0.013035
1.250000
1.250000
0.012793
1.250001
1.249999
0.012828
1.250001
1.250000
0.012974
1.250000
1.250000
0.012884
1.250000
1.500000
0.012906
1.250000
1.500000
0.012752
1.250000
1.500001
0.012958
1.250000
1.500000
0.012793
1.249999
1.500000
0.013043
1.249999
1.500000
0.012974
1.249999
1.499999
0.012820
1.250000
1.500000
0.012896
1.250000
1.500000
0.012793
1.250000
1.500000
0.012793
1.250001
1.500000
0.013041
1.250001
1.500000
0.012985
1.250000
1.750001
0.012961
1.250000
1.750000
0.012793
1.249999
1.750001
0.013031
1.249999
1.750001
0.012768
1.249999
1.750000
0.012770
1.250000
1.750000
0.012884
1.250000
1.750000
0.012793
1.250000
1.750000
0.012901
1.250000
1.750000
0.012884
1.250001
1.750000
0.013044
1.250001
1.750000
0.012984
1.250000
1.750000
0.012887
1.250000
2.000000
0.012793
1.250000
2.000001
0.012972
1.250000
2.000001
0.012949
1.250000
2.000000
0.012884
1.250000
1.999999
0.012814
1.249999
1.999999
0.012759
1.250000
1.999999
0.013035
1.250000
1.999999
0.013047
1.250000
2.000000
0.012793
1.250000
2.000000
0.012793
1.250000
2.000000
0.012793
1.250001
2.000001
0.013043
1.250000
3.000000
0.012793
1.250000
3.000001
0.013038
1.250000
3.000000
0.012793
1.249999
3.000000
0.012958
1.250000
3.000000
0.012793
1.249999
2.999999
0.013031
1.250000
3.000000
0.012793
1.250000
2.999999
0.013034
1.250000
3.000000
0.012793
1.250000
3.000000
0.012895
1.250000
3.000000
0.012793
1.250001
3.000000
0.012983
1.250001
3.250001
0.012820
1.250000
3.250000
0.012887
1.250000
3.250000
0.012814
1.249999
3.250000
0.012972
1.250000
3.250000
0.012884
1.250000
3.250000
0.012793
1.250000
3.250000
0.012793
1.250000
3.249999
0.012950
1.250000
3.250000
0.012793
1.250001
3.250000
0.013041
1.250000
3.250000
0.012793
1.250000
3.250000
0.012793
1.250000
3.500001
0.013037
1.250000
3.500001
0.012977
1.250000
3.500001
0.012981
1.249999
3.500001
0.012818
1.249999
3.500000
0.012715
1.250000
3.500000
0.012793
1.249999
3.499999
0.012762
1.250001
3.500000
0.012814
1.250000
3.500000
0.012793
1.250001
3.500000
0.013031
1.250001
3.500000
0.012715
1.250001
3.500001
0.012825
1.250001
3.750001
0.012813
1.250000
3.750000
0.012793
1.249999
3.750001
0.013047
1.249999
3.750000
0.012985
1.250000
3.749999
0.012994
1.250000
3.750000
0.012793
1.250000
3.750000
0.012896
1.250000
3.750000
0.012793
1.250001
3.749999
0.012766
1.250001
3.750000
0.013031
1.250000
3.750000
0.012793
1.250000
3.750000
0.012901
1.250000
4.000000
0.012793
1.250000
4.000000
0.012884
1.249999
4.000001
0.013036
1.250000
4.000000
0.012896
1.249999
4.000000
0.013034
1.250000
4.000000
0.012793
1.250000
4.000000
0.012884
1.250000
4.000000
0.012793
1.250000
4.000000
0.012903
1.250001
4.000000
0.013041
1.250001
4.000000
0.012777
1.250000
4.000000
0.012889
1.250000
4.250001
0.012960
1.250000
4.250000
0.012793
1.250000
4.250000
0.012901
1.250000
4.250000
0.012793
1.249999
4.250000
0.012982
1.250000
4.250000
0.012814
1.250000
4.250000
0.012793
1.250000
4.250000
0.012793
1.250001
4.249999
0.012821
1.250001
4.249999
0.012812
1.250001
4.250000
0.012812
1.250000
4.250000
0.012793
1.500000
0.000000
0.012793
1.500000
0.000001
0.012859
1.500000
0.000000
0.012908
1.500000
-0.000001
0.012814
1.499999
-0.000000
0.013043
1.500000
0.000000
0.012793
1.500000
-0.000001
0.012973
1.500000
-0.000000
0.012895
1.500000
-0.000001
0.012981
1.500000
-0.000000
0.012760
1.500000
0.000000
0.012793
1.500000
0.000000
0.012793
1.500000
0.250000
0.012793
1.500000
0.250001
0.012821
1.500000
0.250000
0.012887
1.499999
0.250000
0.012981
1.500000
0.250000
0.012793
1.499999
0.249999
0.013031
1.500000
0.249999
0.012962
1.500000
0.250000
0.012793
1.500000
0.250000
0.012901
1.500000
0.250000
0.012793
1.500000
0.250000
0.012887
1.500000
0.250000
0.012793
1.500000
0.500000
0.012793
1.500000
0.500003
0.012877
1.500000
0.500000
0.012793
1.499999
0.500000
0.012959
1.500000
0.500000
0.012743
1.500000
0.500000
0.012793
1.500000
0.499999
0.013044
1.500000
0.500000
0.012793
1.500001
0.499999
0.013041
1.500000
0.500000
0.012887
1.500000
0.500000
0.012793
1.500000
0.500000
0.012887
1.500000
0.750000
0.012902
1.500000
0.750000
0.012900
1.500000
0.750000
0.012793
1.500000
0.749999
0.012814
1.500000
0.750000
0.012793
1.499999
0.749999
0.013047
1.500000
0.749999
0.012984
1.500000
0.750000
0.012896
1.500000
0.750000
0.012906
1.500001
0.750000
0.013049
1.500000
0.750000
0.012887
1.500001
0.750000
0.012961
1.500000
2.500000
0.012925
1.500000
2.500001
0.012959
1.499999
2.500001
0.013034
1.500000
2.500001
0.012752
1.500000
2.500000
0.012793
1.500000
2.500000
0.012793
1.500000
2.499999
0.012981
1.500000
2.500000
0.012793
1.500000
2.500000
0.012814
1.500001
2.499999
0.012830
1.500000
2.500000
0.012793
1.500000
2.500000
0.012793
1.500000
2.750000
0.012793
1.500000
2.750000
0.012906
1.499999
2.750001
0.013041
1.499999
2.750000
0.013046
1.500000
2.750000
0.012819
1.500000
2.750000
0.012793
1.500000
2.750000
0.012947
1.500000
2.750000
0.012793
1.500000
2.750000
0.012793
1.500000
2.750000
0.012793
1.500001
2.750000
0.012962
1.500000
2.750000
0.012884
1.500000
3.000000
0.012793
1.500000
3.000001
0.012951
1.500000
3.000001
0.012951
1.500000
3.000000
0.012884
1.499999
3.000000
0.013043
1.500000
3.000000
0.012793
1.500000
3.000000
0.012793
1.500000
3.000000
0.012910
1.500000
2.999999
0.012958
1.500000
3.000000
0.012793
1.500000
3.000000
0.012793
1.500000
3.000000
0.012899
1.500000
3.250000
0.012909
1.500000
3.250000
0.012734
1.500000
3.250000
0.012814
1.499999
3.250000
0.013023
1.499999
3.250000
0.013047
1.500000
3.250000
0.012887
1.500000
3.250000
0.012911
1.500000
3.250000
0.012907
1.500000
3.249999
0.012958
1.500001
3.250000
0.012980
1.500000
3.250000
0.012793
1.500000
3.250000
0.012885
1.500000
3.500000
0.012793
1.500000
3.500000
0.012793
1.500000
3.500000
0.012793
1.499999
3.500000
0.012958
1.499999
3.500000
0.013034
1.500001
3.500001
0.012817
1.500000
3.500000
0.012793
1.500000
3.500000
0.012916
1.500000
3.499999
0.012983
1.500000
3.500000
0.012897
1.500000
3.500000
0.012793
1.500000
3.500000
0.012793
1.500000
3.750000
0.012793
1.500000
3.750000
0.012887
1.500000
3.750000
0.012793
1.500000
3.750000
0.012884
1.499999
3.750000
0.012960
1.500000
3.750000
0.012793
1.499999
3.749999
0.012768
1.500001
3.750000
0.012814
1.500000
3.750000
0.012793
1.500000
3.750000
0.012793
1.500000
3.750000
0.012793
1.500000
3.750000
0.012793
1.500000
4.000000
0.012793
1.500000
4.000000
0.012884
1.500000
4.000000
0.012819
1.499999
4.000000
0.012870
1.499999
4.000000
0.012860
1.499999
3.999999
0.012860
1.500000
4.000000
0.012915
1.500000
4.000000
0.012908
1.500000
4.000000
0.012793
1.500001
4.000000
0.012975
1.500000
4.000000
0.012793
1.500001
4.000000
0.012984
1.500000
4.250000
0.012793
1.500000
4.250000
0.012793
1.500000
4.250000
0.012793
1.499999
4.249999
0.012992
1.500000
4.250000
0.012882
1.500000
4.250000
0.012793
1.500000
4.250000
0.012896
1.500001
4.250000
0.012814
1.500000
4.250000
0.012793
1.500000
4.250000
0.012793
1.500000
4.250000
0.012947
1.500000
4.250000
0.012793
1.750000
0.000000
0.012819
1.750000
0.000000
0.012916
1.750000
0.000000
0.012884
1.750000
0.000000
0.012793
1.750000
0.000000
0.012887
1.750000
0.000000
0.012793
1.750000
0.000000
0.012895
1.750000
-0.000001
0.012955
1.750000
0.000000
0.012793
1.750000
0.000000
0.012793
1.750000
-0.000000
0.012918
1.750001
0.000000
0.012959
1.750000
0.250000
0.012926
1.750000
0.250000
0.012793
1.750000
0.250000
0.012887
1.750000
0.250000
0.012819
1.750000
0.250000
0.012793
1.750000
0.250000
0.012923
1.750000
0.250000
0.012793
1.750000
0.250000
0.012793
1.750000
0.250000
0.012896
1.750000
0.250000
0.012793
1.750001
0.250000
0.013042
1.750001
0.250001
0.013046
1.750000
0.500000
0.012903
1.750000
0.500000
0.012793
1.750000
0.500000
0.012814
1.750000
0.500000
0.012793
1.750000
0.500000
0.012793
1.750000
0.500000
0.012884
1.750000
0.500000
0.012793
1.750000
0.499999
0.012869
1.750000
0.500000
0.012907
1.750000
0.500000
0.012793
1.750000
0.500000
0.012793
1.749999
0.499999
0.012817
1.750000
0.750000
0.012817
1.750000
0.750001
0.012887
1.750000
0.750000
0.012793
1.750000
0.750000
0.012793
1.749999
0.750000
0.012827
1.750000
0.750000
0.012924
1.750000
0.750000
0.012906
1.750000
0.750000
0.012793
1.750000
0.750000
0.012793
1.750000
0.750000
0.012885
1.750000
0.750000
0.012752
1.750000
0.750000
0.012907
1.750000
1.000000
0.012928
1.750000
1.000000
0.012884
1.750000
1.000000
0.012793
1.750000
1.000000
0.012793
1.749999
1.000000
0.012774
1.750000
1.000000
0.012889
1.750000
1.000000
0.012793
1.750000
0.999999
0.013034
1.750001
0.999999
0.012834
1.750001
1.000000
0.012974
1.750000
1.000000
0.012793
1.750000
1.000000
0.012793
1.750000
1.250001
0.012998
1.750000
1.250001
0.013046
1.750000
1.250000
0.012793
1.750000
1.250000
0.012793
1.749999
1.250000
0.012981
1.749999
1.249999
0.013031
1.750000
1.250000
0.012793
1.750000
1.250000
0.012918
1.750000
1.250000
0.012814
1.750000
1.250000
0.012740
1.750001
1.250000
0.012958
1.750000
1.250000
0.012793
1.750000
1.500000
0.012793
1.750000
1.500000
0.012903
1.750000
1.500000
0.012793
1.749999
1.500000
0.012983
1.750000
1.499999
0.012814
1.750000
1.500000
0.012814
1.750000
1.500000
0.012916
1.750000
1.500000
0.012793
1.750000
1.500000
0.012793
1.750001
1.500000
0.012981
1.750000
1.500000
0.012793
1.750001
1.500001
0.013043
1.750000
1.750001
0.013024
1.750000
1.750001
0.012828
1.750000
1.750001
0.012984
1.750000
1.750000
0.012793
1.749999
1.750000
0.013034
1.749999
1.749999
0.013026
1.750001
1.750000
0.012814
1.750000
1.749999
0.012950
1.750000
1.750000
0.012793
1.750001
1.750000
0.013047
1.750000
1.749999
0.012730
1.750000
1.750000
0.012793
1.750000
2.000001
0.013031
1.750000
2.000001
0.012946
1.750000
2.000000
0.012793
1.750000
2.000000
0.012793
1.750000
2.000000
0.012793
1.750000
2.000000
0.012793
1.750000
2.000000
0.012913
1.750000
2.000000
0.012793
1.750000
2.000000
0.012793
1.750000
2.000000
0.012793
1.750000
2.000000
0.012888
1.750000
2.000000
0.012793
1.750000
2.250001
0.012952
1.750000
2.250001
0.013031
1.750000
2.250000
0.012896
1.750000
2.250000
0.012793
1.750000
2.250000
0.012902
1.750000
2.250000
0.012884
1.750000
2.250000
0.012819
1.750000
2.250000
0.012793
1.750000
2.250000
0.012793
1.750001
2.250000
0.013052
1.750001
2.250000
0.013052
1.750000
2.250000
0.012793
1.750000
2.500000
0.012898
1.750000
2.500001
0.013041
1.749999
2.500001
0.012777
1.750000
2.500000
0.012793
1.750000
2.500000
0.012793
1.750000
2.500000
0.012879
1.750000
2.499999
0.013037
1.750000
2.500000
0.012896
1.750000
2.499999
0.012981
1.750000
2.500000
0.012793
1.750000
2.500000
0.012793
1.750000
2.500000
0.012793
1.750001
2.750000
0.012756
1.750000
2.750000
0.012793
1.750000
2.750000
0.012793
1.749999
2.750000
0.013044
1.749999
2.750000
0.013046
1.749999
2.749999
0.013052
1.750000
2.749999
0.012985
1.750000
2.750000
0.012883
1.750000
2.749999
0.012959
1.750000
2.750000
0.012793
1.750000
2.750000
0.012793
1.750000
2.750000
0.012897
1.750000
3.000001
0.013039
1.750000
3.000000
0.012819
1.750000
3.000000
0.012793
1.750000
3.000000
0.012909
1.750000
3.000000
0.012907
1.750000
3.000000
0.012793
1.750000
2.999999
0.013031
1.750000
3.000000
0.012793
1.750000
3.000000
0.012793
1.750000
3.000000
0.012923
1.750001
3.000000
0.013040
1.750000
3.000000
0.012793
1.750000
3.250000
0.012793
1.750000
3.250000
0.012817
1.750000
3.250000
0.012942
1.750000
3.250000
0.012793
1.749999
3.250000
0.013042
1.749999
3.249999
0.012833
1.749999
3.250001
0.012827
1.750000
3.250000
0.012911
1.750001
3.249999
0.013035
1.750000
3.250000
0.012793
1.750000
3.250000
0.012793
1.750000
3.250000
0.012793
1.750000
3.500000
0.012793
1.749999
3.500000
0.012985
1.750001
3.500000
0.012796
1.750000
3.500000
0.012793
1.750000
3.500000
0.012793
1.749999
3.500000
0.012750
1.750000
3.499999
0.013041
1.750000
3.500000
0.012820
1.750001
3.499999
0.012877
1.750001
3.500000
0.012879
1.750000
3.500000
0.012909
1.750000
3.500000
0.012793
1.750000
3.750000
0.012793
1.750000
3.750001
0.013031
1.750000
3.750000
0.012793
1.749999
3.750000
0.013041
1.750000
3.750000
0.012793
1.750000
3.750000
0.012793
1.750000
3.750000
0.012793
1.750000
3.750000
0.012895
1.750000
3.750000
0.012904
1.750000
3.750001
0.012814
1.750003
3.750000
0.012882
1.750000
3.750000
0.012730
1.750000
4.000000
0.012793
1.750000
4.000001
0.012961
1.750000
4.000000
0.012918
1.749999
4.000000
0.012959
1.750000
3.999999
0.012814
1.750000
4.000001
0.012947
1.750000
3.999999
0.012965
1.750000
3.999999
0.012951
1.750000
4.000000
0.012793
1.750000
4.000001
0.012814
1.750000
4.000000
0.012882
1.750000
4.000000
0.012921
1.750000
4.250000
0.012896
1.750000
4.250000
0.012819
1.750000
4.250000
0.012919
1.749999
4.250001
0.012765
1.750000
4.250000
0.012793
1.749999
4.250000
0.012981
1.750000
4.249999
0.013033
1.750000
4.249999
0.012977
1.750000
4.249999
0.012949
1.750000
4.250000
0.012793
1.750000
4.250000
0.012885
1.750000
4.250000
0.012894
2.000000
0.000001
0.013028
2.000000
0.000001
0.012828
2.000000
0.000000
0.012793
2.000000
-0.000001
0.012814
2.000000
0.000000
0.012878
1.999999
-0.000001
0.013041
2.000000
0.000000
0.012793
2.000000
-0.000000
0.012820
2.000001
-0.000001
0.012858
2.000000
-0.000000
0.012952
2.000001
0.000000
0.012953
2.000000
-0.000000
0.012896
2.000000
0.250000
0.012793
2.000000
0.250000
0.012884
2.000000
0.250000
0.012910
2.000000
0.250000
0.012924
2.000000
0.250000
0.012793
2.000000
0.250000
0.012793
2.000000
0.250000
0.012793
2.000000
0.249999
0.013047
2.000000
0.250000
0.012886
2.000000
0.250000
0.012926
2.000000
0.250000
0.012907
2.000000
0.250000
0.012793
2.000000
0.500000
0.012909
2.000000
0.500001
0.013040
2.000000
0.500000
0.012887
1.999999
0.500001
0.012837
1.999999
0.500000
0.012776
2.000000
0.500000
0.012793
1.999999
0.500000
0.012750
2.000000
0.500000
0.012749
2.000001
0.499999
0.012767
2.000000
0.500000
0.012898
2.000000
0.500001
0.012814
2.000001
0.500001
0.013032
2.000001
0.749999
0.012779
2.000000
0.750000
0.012793
2.000000
0.750000
0.012814
2.000000
0.750000
0.012793
1.999999
0.750000
0.013035
2.000000
0.749999
0.013011
2.000000
0.749999
0.013034
2.000000
0.750000
0.012793
2.000000
0.750000
0.012793
2.000000
0.750000
0.012793
2.000000
0.750000
0.012793
2.000000
0.750000
0.012793
2.000000
1.000000
0.012793
1.999999
1.000001
0.012834
2.000000
1.000000
0.012793
2.000000
1.000000
0.012793
1.999999
1.000000
0.013035
2.000000
1.000000
0.012793
2.000000
0.999999
0.012957
2.000000
1.000000
0.012895
2.000001
0.999999
0.013039
2.000000
1.000000
0.012819
2.000000
0.999999
0.012746
2.000001
1.000000
0.012983
2.000000
1.250000
0.012819
2.000000
1.250000
0.012917
2.000000
1.250000
0.012908
2.000000
1.250000
0.012793
1.999999
1.250000
0.013046
2.000000
1.250000
0.012793
2.000000
1.250000
0.012887
2.000000
1.250000
0.012793
2.000000
1.250000
0.012793
2.000000
1.249999
0.012742
2.000000
1.250000
0.012793
2.000001
1.250001
0.012821
2.000000
1.500001
0.012947
2.000000
1.500001
0.012980
1.999999
1.500001
0.013033
1.999999
1.500000
0.013042
2.000000
1.500000
0.012793
2.000000
1.500000
0.012924
2.000000
1.500000
0.012907
2.000000
1.500000
0.012793
2.000000
1.500000
0.012884
2.000000
1.500000
0.012793
2.000000
1.499999
0.012735
2.000000
1.500000
0.012819
2.000000
1.750001
0.012859
2.000000
1.750000
0.012793
1.999999
1.750001
0.013042
1.999999
1.750000
0.012975
2.000000
1.750000
0.012793
2.000000
1.750000
0.012908
2.000000
1.750000
0.012793
2.000000
1.750000
0.012740
2.000000
1.750000
0.012906
2.000001
1.750000
0.013035
2.000000
1.750000
0.012910
2.000000
1.750000
0.012793
2.000000
2.000000
0.012928
2.000000
2.000001
0.012958
1.999999
2.000001
0.012831
2.000000
2.000000
0.012887
2.000000
2.000000
0.012793
1.999999
1.999999
0.013033
2.000000
1.999999
0.013026
2.000000
1.999999
0.012833
2.000000
2.000000
0.012923
2.000000
2.000000
0.012887
2.000000
2.000000
0.012793
2.000000
2.000000
0.012884
2.000000
2.250001
0.013050
2.000000
2.250001
0.013045
2.000000
2.250000
0.012793
1.999999
2.250000
0.013041
1.999999
2.250000
0.012974
2.000000
2.250000
0.012793
1.999999
2.249999
0.012768
2.000000
2.249999
0.013034
2.000000
2.250000
0.012793
2.000000
2.250000
0.012896
2.000000
2.250001
0.012992
2.000000
2.250000
0.012793
2.000000
2.500000
0.012870
2.000000
2.500000
0.012793
1.999999
2.500001
0.012760
2.000000
2.500000
0.012793
1.999999
2.500000
0.013043
2.000000
2.500000
0.012793
2.000000
2.499999
0.013046
2.000000
2.500000
0.012820
2.000000
2.500000
0.012793
2.000001
2.500000
0.012959
2.000001
2.500000
0.012980
2.000001
2.500001
0.012760
2.000001
2.750001
0.012762
1.999999
2.750000
0.012814
1.999999
2.750001
0.013023
2.000000
2.750000
0.012793
1.999999
2.750000
0.012973
2.000000
2.750000
0.012742
2.000000
2.750000
0.012793
2.000000
2.749999
0.013041
2.000000
2.750000
0.012793
2.000000
2.750000
0.012793
2.000000
2.750000
0.012908
2.000000
2.750000
0.012793
2.000000
3.000000
0.012793
2.000000
3.000000
0.012911
1.999999
3.000001
0.013040
2.000000
3.000000
0.012793
2.000000
3.000000
0.012892
1.999999
2.999999
0.013040
1.999999
2.999999
0.012699
2.000000
2.999999
0.013046
2.000000
2.999999
0.012985
2.000001
3.000000
0.013025
2.000000
3.000000
0.012896
2.000001
3.000001
0.013039
2.000000
3.250000
0.012793
1.999999
3.250000
0.012814
2.000000
3.250000
0.012793
1.999999
3.250000
0.012980
1.999999
3.250000
0.013033
2.000000
3.250000
0.012793
2.000000
3.250000
0.012793
2.000000
3.250000
0.012924
2.000000
3.249999
0.012982
2.000000
3.250000
0.012793
2.000001
3.250000
0.013045
2.000000
3.250000
0.012793
2.250000
0.250000
0.012793
2.250000
0.250000
0.012924
2.250000
0.250000
0.012793
2.249999
0.250000
0.012975
2.250000
0.250000
0.012793
2.250000
0.250000
0.012793
2.250000
0.249999
0.013046
2.250000
0.250000
0.012793
2.250000
0.250000
0.012898
2.250001
0.250000
0.013041
2.250000
0.250000
0.012887
2.250000
0.250000
0.012819
2.250000
0.499999
0.012817
2.250000
0.500002
0.012791
2.250000
0.500000
0.012907
2.249999
0.500000
0.012982
2.250000
0.500000
0.012897
2.250000
0.500000
0.012766
2.250000
0.500000
0.012793
2.250000
0.500000
0.012907
2.250000
0.499999
0.012958
2.250000
0.500000
0.012793
2.250000
0.500000
0.012896
2.250000
0.500000
0.012793
2.250000
0.750001
0.012954
2.250000
0.750001
0.012950
2.249999
0.750001
0.013045
2.250000
0.750000
0.012879
2.250000
0.750000
0.012920
2.249999
0.750000
0.012749
2.250000
0.749999
0.013041
2.250000
0.750000
0.012793
2.250000
0.750000
0.012896
2.250002
0.749999
0.012980
2.250000
0.750000
0.012819
2.250000
0.750000
0.012793
2.250001
0.999999
0.012763
2.250000
1.000000
0.012819
2.249999
1.000001
0.012861
2.250000
1.000001
0.012724
2.250000
1.000000
0.012922
2.250000
1.000000
0.012907
2.250000
1.000000
0.012793
2.250000
1.000000
0.012793
2.250000
1.000000
0.012814
2.250000
1.000000
0.012793
2.250000
1.000000
0.012919
2.250000
1.000000
0.012793
2.250000
1.250001
0.013033
2.250000
1.250001
0.012962
2.250000
1.250000
0.012898
2.250000
1.250000
0.012793
2.249999
1.250000
0.013034
2.250000
1.250000
0.012793
2.250000
1.250000
0.012923
2.250001
1.250000
0.012814
2.250001
1.249999
0.013036
2.250000
1.250000
0.012793
2.250000
1.250000
0.012910
2.250001
1.250001
0.013041
2.250000
1.500001
0.013024
2.250000
1.500000
0.012793
2.249999
1.500001
0.013026
2.249999
1.500000
0.013047
2.249999
1.500000
0.013052
2.249999
1.500000
0.012973
2.250000
1.499999
0.013044
2.249999
1.499999
0.012838
2.250000
1.500000
0.012793
2.250000
1.500000
0.012793
2.250001
1.500000
0.012879
2.250001
1.500000
0.012972
2.250000
1.750000
0.012944
2.250000
1.750000
0.012895
2.250000
1.750001
0.012958
2.250000
1.750000
0.012896
2.250000
1.750000
0.012922
2.250000
1.750000
0.012793
2.250000
1.749999
0.013043
2.250000
1.750000
0.012887
2.250000
1.749999
0.012752
2.250000
1.750000
0.012793
2.250001
1.750000
0.013041
2.250000
1.750000
0.012879
2.250000
2.000001
0.012995
2.250000
2.000001
0.012714
2.250000
2.000000
0.012746
2.250000
2.000000
0.012793
2.249999
2.000000
0.012974
2.250000
2.000000
0.012793
2.250000
2.000000
0.012793
2.250000
2.000000
0.012887
2.250000
2.000000
0.012793
2.250002
2.000000
0.012810
2.250000
2.000000
0.012793
2.250000
2.000000
0.012924
2.250000
2.250000
0.012927
2.250000
2.250000
0.012908
2.250000
2.250000
0.012793
2.250000
2.249999
0.012814
2.250000
2.250000
0.012793
2.250000
2.250000
0.012915
2.250000
2.250000
0.012907
2.250000
2.250000
0.012793
2.250000
2.250000
0.012793
2.250001
2.250000
0.012971
2.250000
2.250000
0.012793
2.250001
2.250001
0.013047
2.250000
2.500000
0.012819
2.250000
2.500000
0.012900
2.249999
2.500001
0.012816
2.250000
2.500000
0.012887
2.249999
2.500000
0.012955
2.250000
2.500000
0.012793
2.250000
2.500000
0.012731
2.250000
2.500000
0.012923
2.250001
2.499999
0.013040
2.250000
2.500000
0.012793
2.250001
2.500000
0.012974
2.250000
2.500000
0.012793
2.250000
2.750000
0.012884
2.250000
2.750001
0.013030
2.249999
2.750001
0.013026
2.250000
2.750000
0.012793
2.250000
2.750000
0.012917
2.250000
2.750000
0.012907
2.250000
2.750000
0.012793
2.250000
2.750000
0.012793
2.250000
2.750000
0.012793
2.250001
2.750001
0.012992
2.250000
2.750001
0.012814
2.250000
2.750000
0.012793
2.250000
3.000000
0.012937
2.250000
3.000000
0.012926
2.250000
3.000000
0.012793
2.249999
3.000000
0.013041
2.250000
3.000000
0.012793
2.250000
3.000000
0.012793
2.250000
2.999999
0.012946
2.250000
2.999999
0.012980
2.250001
3.000000
0.012984
2.250000
3.000000
0.012947
2.250000
3.000000
0.012737
2.250001
3.000001
0.013049
2.250000
3.250000
0.012793
2.250000
3.250000
0.012793
2.250000
3.250000
0.012793
2.249999
3.250000
0.013049
2.249999
3.250000
0.012984
2.250000
3.250000
0.012793
2.250000
3.249999
0.012981
2.250000
3.250000
0.012885
2.250000
3.250000
0.012793
2.250001
3.250000
0.012958
2.250000
3.250000
0.012919
2.250000
3.250000
0.012793
2.500000
0.250000
0.012924
2.500001
0.250001
0.012829
2.500000
0.250000
0.012793
2.500000
0.250000
0.012885
2.499999
0.250000
0.012983
2.500000
0.250000
0.012885
2.500000
0.250000
0.012894
2.500001
0.250000
0.012814
2.500000
0.249999
0.012704
2.500000
0.250000
0.012793
2.500000
0.250000
0.012793
2.500000
0.250000
0.012793
2.500000
0.500000
0.012793
2.500000
0.500000
0.012793
2.500000
0.500000
0.012911
2.499999
0.500000
0.013042
2.500000
0.500000
0.012887
2.500000
0.500000
0.012911
2.500000
0.500000
0.012793
2.500000
0.500000
0.012898
2.500000
0.500000
0.012925
2.500001
0.499999
0.012780
2.500000
0.500001
0.012814
2.500000
0.500000
0.012902
2.500000
0.750001
0.013002
2.500000
0.750001
0.013025
2.500000
0.750000
0.012896
2.500000
0.750000
0.012906
2.500000
0.750000
0.012793
2.500000
0.750000
0.012793
2.500000
0.750000
0.012879
2.500000
0.749999
0.012763
2.500000
0.750000
0.012899
2.500000
0.750000
0.012793
2.500001
0.750000
0.012974
2.500000
0.750000
0.012814
2.500000
1.000001
0.012954
2.500000
1.000000
0.012793
2.500000
1.000000
0.012793
2.500000
1.000000
0.012793
2.500000
1.000000
0.012793
2.500001
1.000001
0.012817
2.500000
1.000000
0.012942
2.500000
1.000000
0.012793
2.500001
0.999999
0.012827
2.500000
1.000000
0.012887
2.500000
1.000000
0.012793
2.500001
1.000000
0.012985
2.500000
1.250001
0.012992
2.500000
1.250001
0.012833
2.500000
1.250001
0.012974
2.500000
1.250000
0.012761
2.500000
1.250000
0.012793
2.500000
1.250000
0.012793
2.500000
1.249999
0.012949
2.500000
1.249999
0.013035
2.500000
1.250000
0.012793
2.500001
1.250000
0.012981
2.500001
1.250000
0.013031
2.500000
1.250000
0.012819
2.500000
1.500000
0.012874
2.500000
1.500000
0.012793
2.500000
1.500001
0.012957
2.500000
1.500000
0.012793
2.500000
1.500000
0.012899
2.500000
1.500000
0.012925
2.500000
1.499999
0.012958
2.500000
1.500000
0.012919
2.500000
1.500000
0.012907
2.500001
1.500000
0.012958
2.500000
1.500000
0.012793
2.500000
1.500000
0.012793
2.500000
1.750000
0.012793
2.500000
1.750001
0.012859
2.500000
1.750000
0.012915
2.500000
1.750000
0.012923
2.500000
1.750000
0.012793
2.499999
1.749999
0.013023
2.500000
1.750000
0.012887
2.500000
1.750000
0.012793
2.500000
1.750000
0.012793
2.500001
1.750000
0.012983
2.500001
1.750000
0.012949
2.500000
1.750001
0.012986
2.500001
2.000001
0.012830
2.500000
2.000001
0.012984
2.499999
2.000001
0.013025
2.500000
2.000000
0.012896
2.500000
2.000000
0.012793
2.500000
2.000000
0.012901
2.500000
2.000000
0.012793
2.500000
2.000000
0.012793
2.500001
1.999999
0.013041
2.500000
2.000000
0.012887
2.500000
2.000000
0.012752
2.500000
2.000000
0.012924
2.500000
2.250000
0.012793
2.500000
2.250000
0.012793
2.500000
2.250000
0.012814
2.500000
2.250000
0.012948
2.499999
2.250000
0.012965
2.500000
2.250000
0.012919
2.500000
2.250000
0.012885
2.500000
2.250000
0.012925
2.500000
2.250000
0.012814
2.500001
2.250000
0.013023
2.500000
2.250000
0.012896
2.500000
2.250000
0.012923
2.500000
2.500000
0.012793
2.500000
2.500000
0.012793
2.499999
2.500001
0.012827
2.500000
2.500000
0.012936
2.500000
2.500000
0.012819
2.500000
2.500000
0.012793
2.500000
2.500000
0.012793
2.500000
2.499999
0.013046
2.500000
2.500000
0.012923
2.500000
2.500001
0.012814
2.500000
2.500000
0.012793
2.500001
2.500001
0.013043
2.500000
2.750000
0.012817
2.500000
2.750001
0.012945
2.499999
2.750001
0.012819
2.500000
2.750000
0.012793
2.499999
2.750000
0.012963
2.499999
2.749999
0.012761
2.500000
2.749999
0.013035
2.500000
2.749999
0.013026
2.500001
2.749999
0.013025
2.500000
2.750001
0.012814
2.500000
2.750000
0.012729
2.500000
2.750000
0.012965
2.500000
3.000000
0.012793
2.500000
3.000001
0.013034
2.500000
3.000000
0.012896
2.500000
2.999999
0.012814
2.500000
3.000000
0.012882
2.499999
3.000000
0.012954
2.500000
3.000000
0.012919
2.500000
3.000000
0.012793
2.500000
3.000000
0.012793
2.500001
2.999999
0.012766
2.500001
3.000000
0.013044
2.500001
3.000000
0.012984
2.500000
3.250000
0.012793
2.500000
3.250000
0.012793
2.500000
3.250000
0.012934
2.500000
3.250000
0.012793
2.500000
3.250000
0.012936
2.500000
3.250000
0.012793
2.500000
3.249999
0.013047
2.500000
3.250000
0.012935
2.500001
3.249999
0.012837
2.500001
3.250000
0.013056
2.500000
3.250000
0.012793
2.500001
3.250000
0.012984
2.750000
0.750000
0.012793
2.750000
0.750001
0.013046
2.750000
0.750000
0.012793
2.750000
0.749999
0.012814
2.750000
0.750000
0.012947
2.749999
0.749999
0.013047
2.750000
0.750000
0.012887
2.750000
0.750000
0.012819
2.750000
0.750000
0.012793
2.750001
0.750000
0.012854
2.750001
0.750000
0.012947
2.750001
0.750001
0.013036
2.750000
1.000001
0.012947
2.750000
1.000001
0.013033
2.750000
1.000000
0.012793
2.750000
1.000000
0.012793
2.750000
1.000000
0.012793
2.749999
1.000000
0.012951
2.750000
0.999999
0.012951
2.750000
0.999999
0.012818
2.750000
1.000000
0.012793
2.750000
1.000000
0.012793
2.750000
1.000000
0.012793
2.750000
1.000000
0.012898
2.750000
1.250001
0.013041
2.750000
1.250000
0.012819
2.749999
1.250001
0.012868
2.750000
1.250000
0.012901
2.750000
1.250000
0.012793
2.750000
1.250000
0.012879
2.750000
1.250000
0.012793
2.750000
1.250000
0.012793
2.750000
1.250000
0.012897
2.750000
1.250000
0.012793
2.750000
1.250000
0.012793
2.750001
1.250001
0.013046
2.750000
1.500000
0.012933
2.750000
1.500000
0.012893
2.750000
1.500001
0.012981
2.749999
1.500000
0.012949
2.749999
1.500000
0.012831
2.749999
1.500000
0.012984
2.750000
1.500000
0.012793
2.750001
1.500000
0.012814
2.750000
1.500000
0.012793
2.750000
1.500000
0.012793
2.750000
1.500000
0.012819
2.750000
1.500000
0.012793
2.750000
1.750000
0.012817
2.750000
1.750000
0.012793
2.749999
1.750001
0.013039
2.749999
1.750000
0.013046
2.749999
1.750000
0.012974
2.750000
1.750000
0.012793
2.750000
1.749999
0.013035
2.750000
1.749999
0.012977
2.750000
1.750000
0.012814
2.750001
1.750000
0.012954
2.750000
1.750000
0.012793
2.750000
1.750000
0.012793
2.750000
2.000000
0.012793
2.750000
2.000000
0.012793
2.750000
2.000000
0.012951
2.750000
2.000000
0.012901
2.749999
2.000001
0.012829
2.749999
2.000000
0.012749
2.750000
1.999999
0.013041
2.750000
2.000000
0.012793
2.750000
1.999999
0.012950
2.750000
2.000000
0.012899
2.750001
2.000000
0.013041
2.750001
2.000000
0.012984
2.750000
2.250000
0.012896
2.750000
2.250000
0.012793
2.750000
2.250001
0.012956
2.750000
2.250000
0.012793
2.750000
2.250000
0.012793
2.749999
2.249999
0.013041
2.749999
2.249999
0.012699
2.750001
2.250000
0.012814
2.750000
2.250000
0.012793
2.750000
2.250000
0.012737
2.750000
2.250000
0.012793
2.750001
2.250000
0.012984
2.750000
2.500000
0.012896
2.750000
2.500001
0.012957
2.749999
2.500001
0.012761
2.750000
2.500000
0.012919
2.750000
2.500000
0.012907
2.749999
2.499999
0.013041
2.749999
2.499999
0.012777
2.750000
2.500000
0.012793
2.750001
2.499999
0.013041
2.750001
2.500000
0.013053
2.750000
2.500000
0.012887
2.750000
2.500000
0.012793
2.749999
2.750000
0.012814
2.750000
2.750000
0.012916
2.750000
2.750001
0.012959
2.750000
2.750000
0.012793
2.750000
2.750000
0.012819
2.750000
2.750000
0.012913
2.750000
2.750000
0.012908
2.750000
2.749999
0.012835
2.750000
2.750000
0.012793
2.750000
2.750000
0.012911
2.750000
2.750000
0.012907
2.750001
2.750000
0.012981
2.750000
3.000000
0.012917
2.750000
3.000000
0.012793
2.750000
3.000000
0.012814
2.750000
3.000000
0.012793
2.750000
3.000000
0.012741
2.750000
3.000000
0.012793
2.749999
3.000001
0.012730
2.750000
2.999999
0.013030
2.750001
2.999999
0.013047
2.750001
3.000000
0.013046
2.750000
3.000000
0.012793
2.750000
3.000000
0.012793
2.750000
3.250000
0.012925
2.750000
3.250001
0.012959
2.749999
3.250001
0.012821
2.750000
3.250000
0.012793
2.750000
3.250000
0.012793
2.750000
3.250000
0.012793
2.750000
3.250000
0.012793
2.750000
3.249997
0.012830
2.750000
3.250000
0.012793
2.750000
3.250000
0.012793
2.750001
3.250000
0.013043
2.750000
3.250000
0.012924
3.000000
1.250000
0.012895
3.000000
1.250001
0.013044
3.000000
1.250000
0.012793
3.000000
1.250000
0.012887
3.000000
1.250000
0.012793
3.000000
1.250000
0.012814
3.000000
1.249999
0.013043
3.000000
1.250000
0.012819
3.000000
1.250000
0.012916
3.000000
1.250000
0.012924
3.000001
1.250000
0.012958
3.000000
1.250000
0.012793
3.000000
1.500000
0.012917
3.000000
1.500000
0.012732
3.000000
1.500000
0.012793
3.000000
1.500000
0.012793
3.000000
1.500000
0.012793
3.000000
1.500000
0.012793
3.000000
1.500000
0.012793
3.000000
1.499999
0.012981
3.000001
1.499999
0.013033
3.000001
1.500000
0.013047
3.000000
1.500000
0.012793
3.000000
1.500000
0.012731
3.000000
1.750001
0.012958
2.999999
1.750000
0.012814
3.000000
1.750000
0.012902
3.000000
1.750000
0.012906
2.999999
1.750000
0.012959
3.000000
1.750000
0.012793
3.000001
1.750000
0.012814
3.000000
1.750000
0.012793
3.000001
1.749999
0.013049
3.000000
1.750000
0.012793
3.000001
1.750000
0.012858
3.000001
1.750000
0.012958
3.000000
2.000000
0.012900
3.000000
2.000001
0.012981
3.000000
2.000000
0.012897
3.000000
2.000000
0.012793
3.000000
2.000000
0.012793
3.000000
2.000000
0.012793
3.000000
1.999999
0.013047
3.000000
2.000000
0.012923
3.000000
2.000000
0.012793
3.000000
2.000000
0.012793
3.000000
2.000001
0.012814
3.000000
2.000000
0.012793
3.000000
2.250001
0.012958
3.000000
2.250001
0.013034
3.000000
2.250000
0.012814
3.000000
2.250000
0.012918
3.000000
2.250000
0.012793
2.999999
2.249999
0.012830
2.999999
2.249999
0.012782
3.000000
2.250000
0.012793
3.000001
2.249999
0.012812
3.000000
2.250000
0.012793
3.000000
2.250000
0.012793
3.000000
2.250000
0.012934
3.000000
2.500000
0.012869
3.000000
2.500001
0.012970
3.000000
2.500000
0.012793
2.999999
2.500001
0.012766
3.000000
2.500000
0.012793
3.000000
2.500000
0.012894
3.000000
2.500000
0.012909
3.000000
2.499999
0.012958
3.000000
2.500000
0.012793
3.000000
2.500001
0.012814
3.000000
2.500000
0.012948
3.000001
2.500001
0.013047
3.000000
2.750000
0.012935
3.000000
2.750001
0.012815
2.999999
2.750002
0.012868
3.000000
2.750000
0.012793
3.000000
2.750000
0.012793
3.000000
2.750000
0.012922
3.000001
2.750000
0.012814
3.000000
2.750001
0.012817
3.000000
2.749999
0.012772
3.000000
2.750000
0.012793
3.000000
2.749999
0.012757
3.000001
2.750001
0.012828
3.000000
3.000000
0.012793
3.000000
3.000001
0.012962
3.000000
3.000001
0.012967
2.999999
3.000000
0.013033
2.999999
3.000000
0.013047
2.999999
3.000000
0.012984
3.000001
3.000000
0.012814
3.000000
2.999999
0.013034
3.000000
3.000000
0.012793
3.000000
3.000001
0.012814
3.000000
3.000000
0.012793
3.000000
3.000000
0.012887
3.000000
3.250000
0.012930
3.000000
3.250000
0.012793
3.000000
3.250000
0.012793
3.000000
3.250000
0.012948
3.000000
3.250000
0.012793
3.000000
3.250000
0.012819
3.000000
3.250000
0.012903
3.000000
3.249999
0.012959
3.000000
3.250000
0.012898
3.000001
3.250000
0.013041
3.000000
3.250000
0.012887
3.000001
3.250001
0.012767
