-1.668395
1.138026
-0.000245
-1.668395
1.138026
0.000000
-1.668395
1.138026
-0.000245
-1.668395
1.138026
0.000000
-1.668395
1.138026
0.000000
-1.668395
1.138026
-0.000245
-1.668395
1.138026
0.000000
-1.668395
1.138026
-0.000245
-1.668395
1.138026
-0.000245
-1.668395
1.138026
-0.000001
-1.668395
1.138026
-0.000001
-1.668395
1.138026
-0.000245
-1.668395
1.138026
-0.000001
-1.668395
1.138026
-0.000245
-1.668395
1.138026
-0.000245
-1.668395
1.138026
-0.000245
-1.668395
1.138026
-0.000245
-1.668395
1.138026
-0.000245
-1.668395
1.138026
-0.000245
-1.668395
1.138026
-0.000245
-1.668395
1.138026
-0.000245
-1.668395
1.138026
-0.000001
-1.668395
1.138026
0.000000
-1.668395
1.138026
0.000000
-1.668395
1.138026
-0.000245
-1.668395
1.138026
-0.000245
-1.668395
1.138026
-0.000001
-1.668395
1.138026
-0.000245
-1.668395
1.138026
-0.000245
-1.668395
1.138026
-0.000245
