-1.999790
1.250575
0.012734
-1.999781
1.250583
0.012731
-1.999776
1.250589
0.012734
-1.999773
1.250594
0.012737
-1.999768
1.250606
0.012748
-1.999767
1.250612
0.012754
-1.999764
1.250628
0.012770
-1.999763
1.250642
0.012783
-1.999762
1.250653
0.012790
-1.999760
1.250675
0.012802
-1.999759
1.250687
0.012805
-1.999757
1.250708
0.012807
-1.999754
1.250726
0.012806
-1.999750
1.250744
0.012816
-1.999748
1.250752
0.012817
-1.999747
1.250764
0.012826
-1.999745
1.250783
0.012822
-1.999744
1.250807
0.012868
-1.999744
1.250824
0.012842
-1.999745
1.250838
0.012847
-1.999745
1.250863
0.012902
-1.999744
1.250886
0.012891
-1.999742
1.250905
0.012842
-1.999740
1.250922
0.012881
-1.999737
1.250934
0.012874
-1.999732
1.250953
0.012818
-1.999727
1.250967
0.012847
-1.999723
1.250977
0.012838
-1.999716
1.250991
0.012856
-1.999713
1.250997
0.012822
-1.999685
1.251077
0.012862
-1.999683
1.251080
0.012855
-1.999678
1.251085
0.012832
-1.999671
1.251088
0.012808
-1.999662
1.251091
0.012783
-1.999648
1.251095
0.012750
-1.999639
1.251098
0.012736
-1.999630
1.251102
0.012726
-1.999621
1.251110
0.012722
-1.999614
1.251118
0.012727
-1.999610
1.251125
0.012734
-1.999608
1.251133
0.012743
-1.999606
1.251141
0.012752
-1.999604
1.251152
0.012765
-1.999603
1.251162
0.012776
-1.999603
1.251180
0.012792
-1.999602
1.251197
0.012803
-1.999601
1.251218
0.012811
-1.999599
1.251236
0.012813
-1.999596
1.251254
0.012811
-1.999594
1.251266
0.012814
-1.999590
1.251283
0.012817
-1.999587
1.251301
0.012834
-1.999585
1.251314
0.012844
-1.999584
1.251337
0.012854
-1.999584
1.251361
0.012871
-1.999584
1.251375
0.012878
-1.999584
1.251388
0.012883
-1.999584
1.251398
0.012848
-1.999583
1.251422
0.012904
-1.999452
1.251654
0.012729
-1.999450
1.251658
0.012734
-1.999447
1.251666
0.012743
-1.999445
1.251678
0.012758
-1.999443
1.251694
0.012776
-1.999443
1.251710
0.012791
-1.999442
1.251726
0.012802
-1.999442
1.251734
0.012807
-1.999440
1.251755
0.012813
-1.999438
1.251773
0.012813
-1.999435
1.251791
0.012811
-1.999432
1.251802
0.012813
-1.999427
1.251828
0.012826
-1.999426
1.251838
0.012833
-1.999424
1.251851
0.012843
-1.999424
1.251874
0.012833
-1.999424
1.251895
0.012872
-1.999424
1.251915
0.012848
-1.999424
1.251926
0.012898
-1.999423
1.251939
0.012902
-1.999422
1.251959
0.012887
-1.999420
1.251978
0.012902
-1.999415
1.251999
0.012870
-1.999413
1.252008
0.012866
-1.999408
1.252024
0.012879
-1.999404
1.252034
0.012872
-1.999398
1.252049
0.012833
-1.999395
1.252055
0.012800
-1.999388
1.252070
0.012846
-1.999382
1.252081
0.012816
-1.999294
1.252182
0.012727
-1.999290
1.252188
0.012733
-1.999286
1.252200
0.012748
-1.999284
1.252211
0.012761
-1.999283
1.252221
0.012771
-1.999283
1.252230
0.012781
-1.999282
1.252243
0.012793
-1.999282
1.252254
0.012801
-1.999281
1.252271
0.012809
-1.999280
1.252283
0.012812
-1.999276
1.252313
0.012810
-1.999271
1.252336
0.012813
-1.999267
1.252358
0.012824
-1.999264
1.252377
0.012844
-1.999263
1.252399
0.012854
-1.999263
1.252417
0.012875
-1.999263
1.252440
0.012879
-1.999263
1.252461
0.012848
-1.999261
1.252491
0.012887
-1.999259
1.252510
0.012902
-1.999255
1.252528
0.012873
-1.999250
1.252547
0.012820
-1.999245
1.252563
0.012846
-1.999239
1.252577
0.012804
-1.999232
1.252593
0.012851
-1.999222
1.252613
0.012816
-1.999216
1.252624
0.012800
-1.999214
1.252630
0.012803
-1.999210
1.252638
0.012826
-1.999207
1.252646
0.012838
-1.999121
1.252780
0.012797
-1.999120
1.252801
0.012808
-1.999119
1.252818
0.012813
-1.999117
1.252836
0.012812
-1.999116
1.252845
0.012810
-1.999111
1.252865
0.012812
-1.999108
1.252880
0.012818
-1.999106
1.252892
0.012826
-1.999103
1.252914
0.012843
-1.999102
1.252937
0.012833
-1.999102
1.252958
0.012872
-1.999102
1.252979
0.012848
-1.999102
1.252989
0.012898
-1.999102
1.253012
0.012887
-1.999100
1.253032
0.012841
-1.999098
1.253044
0.012837
-1.999094
1.253062
0.012870
-1.999090
1.253079
0.012820
-1.999083
1.253097
0.012872
-1.999077
1.253112
0.012834
-1.999071
1.253125
0.012851
-1.999064
1.253138
0.012817
-1.999059
1.253149
0.012799
-1.999054
1.253160
0.012838
-1.999051
1.253167
0.012806
-1.999048
1.253173
0.012831
-1.999047
1.253179
0.012839
-1.999045
1.253186
0.012853
-1.999044
1.253193
0.012865
-1.999044
1.253199
0.012866
-1.998963
1.253274
0.012761
-1.998961
1.253294
0.012781
-1.998961
1.253309
0.012795
-1.998960
1.253326
0.012805
-1.998959
1.253346
0.012812
-1.998957
1.253364
0.012813
-1.998953
1.253385
0.012810
-1.998949
1.253403
0.012818
-1.998945
1.253421
0.012824
-1.998943
1.253442
0.012820
-1.998942
1.253466
0.012865
-1.998942
1.253482
0.012839
-1.998942
1.253496
0.012844
-1.998942
1.253517
0.012884
-1.998940
1.253554
0.012887
-1.998937
1.253575
0.012836
-1.998933
1.253593
0.012870
-1.998930
1.253604
0.012863
-1.998925
1.253621
0.012814
-1.998918
1.253638
0.012865
-1.998913
1.253649
0.012800
-1.998909
1.253658
0.012797
-1.998902
1.253672
0.012842
-1.998897
1.253682
0.012816
-1.998893
1.253692
0.012838
-1.998891
1.253695
0.012821
-1.998888
1.253703
0.012811
-1.998886
1.253708
0.012817
-1.998885
1.253714
0.012847
-1.998883
1.253721
0.012862
-1.998722
1.254261
0.012867
-1.998721
1.254266
0.012860
-1.998717
1.254271
0.012844
-1.998715
1.254274
0.012834
-1.998707
1.254278
0.012806
-1.998698
1.254281
0.012782
-1.998687
1.254284
0.012755
-1.998677
1.254288
0.012738
-1.998666
1.254292
0.012726
-1.998658
1.254298
0.012722
-1.998651
1.254307
0.012727
-1.998646
1.254317
0.012737
-1.998642
1.254333
0.012755
-1.998641
1.254341
0.012766
-1.998640
1.254351
0.012776
-1.998639
1.254366
0.012791
-1.998638
1.254385
0.012804
-1.998637
1.254403
0.012811
-1.998636
1.254421
0.012813
-1.998633
1.254442
0.012811
-1.998629
1.254459
0.012812
-1.998625
1.254477
0.012825
-1.998622
1.254498
0.012835
-1.998620
1.254518
0.012827
-1.998620
1.254538
0.012864
-1.998620
1.254556
0.012884
-1.998620
1.254573
0.012848
-1.998620
1.254586
0.012848
-1.998619
1.254606
0.012887
-1.998616
1.254629
0.012884
-1.998572
1.254752
0.012817
-1.998569
1.254758
0.012821
-1.998565
1.254767
0.012831
-1.998563
1.254774
0.012824
-1.998562
1.254780
0.012855
-1.998561
1.254789
0.012867
-1.998560
1.254794
0.012865
-1.998558
1.254800
0.012853
-1.998553
1.254805
0.012830
-1.998546
1.254809
0.012806
-1.998529
1.254814
0.012762
-1.998518
1.254818
0.012740
-1.998507
1.254823
0.012727
-1.998500
1.254827
0.012723
-1.998495
1.254832
0.012723
-1.998489
1.254840
0.012728
-1.998484
1.254850
0.012739
-1.998482
1.254857
0.012748
-1.998480
1.254870
0.012763
-1.998478
1.254887
0.012781
-1.998478
1.254903
0.012795
-1.998477
1.254922
0.012807
-1.998474
1.254955
0.012813
-1.998471
1.254976
0.012804
-1.998467
1.254993
0.012813
-1.998463
1.255011
0.012810
-1.998460
1.255033
0.012844
-1.998459
1.255056
0.012854
-1.998459
1.255073
0.012875
-1.998459
1.255097
0.012879
-1.998404
1.255299
0.012832
-1.998403
1.255303
0.012838
-1.998401
1.255309
0.012831
-1.998400
1.255317
0.012865
-1.998400
1.255324
0.012866
-1.998398
1.255330
0.012858
-1.998390
1.255338
0.012823
-1.998379
1.255342
0.012790
-1.998370
1.255345
0.012766
-1.998360
1.255348
0.012746
-1.998350
1.255351
0.012732
-1.998340
1.255358
0.012723
-1.998332
1.255364
0.012723
-1.998328
1.255370
0.012727
-1.998323
1.255379
0.012737
-1.998320
1.255391
0.012750
-1.998318
1.255406
0.012768
-1.998317
1.255420
0.012784
-1.998316
1.255442
0.012801
-1.998316
1.255457
0.012808
-1.998314
1.255477
0.012813
-1.998311
1.255498
0.012812
-1.998308
1.255516
0.012813
-1.998302
1.255542
0.012810
-1.998298
1.255570
0.012843
-1.998298
1.255587
0.012854
-1.998297
1.255611
0.012871
-1.998297
1.255625
0.012878
-1.998297
1.255645
0.012898
-1.998296
1.255665
0.012888
-1.998216
1.255874
0.012786
-1.998205
1.255876
0.012759
-1.998195
1.255880
0.012740
-1.998185
1.255884
0.012728
-1.998176
1.255891
0.012722
-1.998169
1.255898
0.012725
-1.998162
1.255911
0.012739
-1.998159
1.255919
0.012748
-1.998157
1.255932
0.012763
-1.998156
1.255949
0.012781
-1.998155
1.255965
0.012795
-1.998154
1.255984
0.012807
-1.998153
1.256002
0.012812
-1.998151
1.256023
0.012812
-1.998147
1.256041
0.012810
-1.998143
1.256058
0.012818
-1.998142
1.256067
0.012818
-1.998139
1.256085
0.012815
-1.998137
1.256108
0.012855
-1.998136
1.256128
0.012862
-1.998136
1.256142
0.012871
-1.998136
1.256163
0.012892
-1.998135
1.256199
0.012887
-1.998133
1.256222
0.012884
-1.998130
1.256240
0.012898
-1.998125
1.256258
0.012866
-1.998118
1.256279
0.012849
-1.998110
1.256299
0.012834
-1.998106
1.256307
0.012827
-1.998100
1.256320
0.012846
-1.997975
1.256639
0.012855
-1.997974
1.256655
0.012833
-1.997974
1.256680
0.012884
-1.997974
1.256703
0.012884
-1.997974
1.256720
0.012902
-1.997973
1.256740
0.012887
-1.997969
1.256765
0.012879
-1.997965
1.256783
0.012893
-1.997960
1.256799
0.012857
-1.997954
1.256817
0.012808
-1.997948
1.256831
0.012831
-1.997942
1.256844
0.012797
-1.997935
1.256858
0.012842
-1.997930
1.256869
0.012816
-1.997925
1.256878
0.012838
-1.997921
1.256887
0.012826
-1.997919
1.256894
0.012817
-1.997917
1.256902
0.012854
-1.997916
1.256907
0.012862
-1.997915
1.256914
0.012867
-1.997914
1.256922
0.012858
-1.997910
1.256927
0.012841
-1.997904
1.256931
0.012819
-1.997895
1.256934
0.012790
-1.997885
1.256937
0.012766
-1.997877
1.256940
0.012749
-1.997864
1.256945
0.012730
-1.997854
1.256951
0.012723
-1.997847
1.256958
0.012724
-1.997841
1.256966
0.012731
-1.997811
1.257274
0.012886
-1.997808
1.257292
0.012837
-1.997803
1.257316
0.012826
-1.997798
1.257332
0.012855
-1.997792
1.257348
0.012808
-1.997786
1.257362
0.012831
-1.997779
1.257377
0.012822
-1.997773
1.257389
0.012842
-1.997768
1.257399
0.012816
-1.997763
1.257409
0.012803
-1.997757
1.257424
0.012845
-1.997755
1.257431
0.012847
-1.997754
1.257438
0.012862
-1.997754
1.257444
0.012867
-1.997753
1.257451
0.012862
-1.997746
1.257460
0.012830
-1.997737
1.257464
0.012802
-1.997727
1.257467
0.012774
-1.997717
1.257470
0.012752
-1.997707
1.257473
0.012736
-1.997698
1.257478
0.012726
-1.997687
1.257486
0.012723
-1.997681
1.257494
0.012728
-1.997677
1.257504
0.012739
-1.997673
1.257518
0.012755
-1.997671
1.257536
0.012776
-1.997670
1.257559
0.012797
-1.997669
1.257580
0.012808
-1.997668
1.257597
0.012813
-1.997665
1.257618
0.012812
-1.997602
1.257939
0.012838
-1.997597
1.257950
0.012841
-1.997595
1.257955
0.012817
-1.997593
1.257963
0.012854
-1.997592
1.257969
0.012862
-1.997592
1.257976
0.012867
-1.997590
1.257983
0.012858
-1.997587
1.257987
0.012844
-1.997580
1.257993
0.012819
-1.997573
1.257996
0.012794
-1.997560
1.257999
0.012762
-1.997550
1.258002
0.012743
-1.997540
1.258006
0.012730
-1.997532
1.258011
0.012723
-1.997524
1.258018
0.012723
-1.997518
1.258027
0.012731
-1.997514
1.258038
0.012743
-1.997511
1.258053
0.012761
-1.997509
1.258082
0.012791
-1.997507
1.258119
0.012811
-1.997503
1.258154
0.012810
-1.997496
1.258183
0.012806
-1.997493
1.258201
0.012826
-1.997490
1.258224
0.012843
-1.997489
1.258244
0.012865
-1.997489
1.258264
0.012871
-1.997489
1.258285
0.012892
-1.997489
1.258306
0.012887
-1.997488
1.258328
0.012844
-1.997485
1.258351
0.012902
-2.000214
1.250268
0.012828
-2.000229
1.250277
0.012835
-2.000246
1.250288
0.012836
-2.000258
1.250297
0.012842
-2.000271
1.250309
0.012846
-2.000284
1.250319
0.012833
-2.000297
1.250329
0.012861
-2.000311
1.250339
0.012842
-2.000330
1.250352
0.012845
-2.000342
1.250361
0.012876
-2.000359
1.250373
0.012845
-2.000372
1.250384
0.012871
-2.000387
1.250398
0.012865
-2.000399
1.250409
0.012876
-2.000411
1.250422
0.012848
-2.000420
1.250434
0.012818
-2.000431
1.250447
0.012856
-2.000440
1.250457
0.012834
-2.000448
1.250468
0.012813
-2.000455
1.250476
0.012834
-2.000464
1.250485
0.012840
-2.000470
1.250492
0.012855
-2.000476
1.250498
0.012853
-2.000484
1.250505
0.012839
-2.000490
1.250510
0.012868
-2.000499
1.250518
0.012865
-2.000505
1.250524
0.012852
-2.000509
1.250534
0.012826
-2.000511
1.250543
0.012804
-2.000511
1.250552
0.012801
-2.000583
1.250673
0.012766
-2.000598
1.250688
0.012770
-2.000613
1.250703
0.012785
-2.000624
1.250711
0.012806
-2.000641
1.250721
0.012829
-2.000659
1.250729
0.012840
-2.000672
1.250737
0.012840
-2.000687
1.250749
0.012833
-2.000695
1.250757
0.012817
-2.000707
1.250772
0.012816
-2.000720
1.250786
0.012820
-2.000728
1.250793
0.012823
-2.000743
1.250804
0.012858
-2.000757
1.250814
0.012864
-2.000772
1.250823
0.012879
-2.000788
1.250834
0.012879
-2.000806
1.250846
0.012882
-2.000820
1.250856
0.012893
-2.000833
1.250867
0.012876
-2.000853
1.250886
0.012882
-2.000867
1.250901
0.012871
-2.000878
1.250915
0.012841
-2.000889
1.250928
0.012835
-2.000895
1.250937
0.012830
-2.000903
1.250946
0.012811
-2.000912
1.250957
0.012847
-2.000919
1.250966
0.012836
-2.000926
1.250973
0.012822
-2.000932
1.250979
0.012850
-2.000939
1.250985
0.012836
-2.001782
1.251867
0.012832
-2.001796
1.251884
0.012820
-2.001808
1.251899
0.012859
-2.001817
1.251911
0.012828
-2.001826
1.251922
0.012845
-2.001835
1.251934
0.012821
-2.001843
1.251945
0.012825
-2.001851
1.251953
0.012813
-2.001857
1.251959
0.012840
-2.001864
1.251965
0.012829
-2.001870
1.251970
0.012860
-2.001876
1.251975
0.012869
-2.001885
1.251982
0.012863
-2.001890
1.251989
0.012847
-2.001892
1.251995
0.012829
-2.001893
1.252005
0.012798
-2.001891
1.252017
0.012769
-2.001889
1.252027
0.012746
-2.001886
1.252038
0.012728
-2.001885
1.252049
0.012717
-2.001885
1.252059
0.012716
-2.001887
1.252068
0.012721
-2.001894
1.252078
0.012737
-2.001908
1.252090
0.012765
-2.001921
1.252099
0.012786
-2.001934
1.252106
0.012801
-2.001949
1.252115
0.012813
-2.001963
1.252124
0.012819
-2.001979
1.252136
0.012819
-2.001993
1.252148
0.012814
-2.002968
1.253132
0.012831
-2.002977
1.253146
0.012822
-2.003007
1.253188
0.012817
-2.003012
1.253193
0.012847
-2.003018
1.253198
0.012862
-2.003024
1.253202
0.012867
-2.003029
1.253206
0.012860
-2.003032
1.253212
0.012844
-2.003032
1.253219
0.012823
-2.003031
1.253227
0.012798
-2.003030
1.253235
0.012778
-2.003028
1.253245
0.012755
-2.003025
1.253253
0.012740
-2.003024
1.253265
0.012727
-2.003025
1.253277
0.012722
-2.003029
1.253288
0.012727
-2.003036
1.253298
0.012739
-2.003043
1.253305
0.012750
-2.003054
1.253313
0.012766
-2.003068
1.253323
0.012784
-2.003081
1.253331
0.012797
-2.003098
1.253342
0.012808
-2.003113
1.253352
0.012813
-2.003127
1.253363
0.012813
-2.003143
1.253376
0.012810
-2.003156
1.253388
0.012807
-2.003172
1.253402
0.012834
-2.003188
1.253414
0.012843
-2.003207
1.253426
0.012833
-2.003225
1.253436
0.012872
-2.003403
1.253666
0.012730
-2.003403
1.253673
0.012725
-2.003404
1.253684
0.012723
-2.003408
1.253693
0.012728
-2.003416
1.253704
0.012741
-2.003425
1.253712
0.012755
-2.003438
1.253721
0.012774
-2.003450
1.253730
0.012788
-2.003467
1.253740
0.012802
-2.003481
1.253750
0.012810
-2.003496
1.253760
0.012813
-2.003512
1.253773
0.012810
-2.003526
1.253785
0.012805
-2.003541
1.253799
0.012825
-2.003556
1.253811
0.012833
-2.003572
1.253822
0.012854
-2.003592
1.253834
0.012864
-2.003610
1.253844
0.012844
-2.003631
1.253856
0.012898
-2.003648
1.253867
0.012888
-2.003664
1.253878
0.012904
-2.003683
1.253894
0.012898
-2.003693
1.253904
0.012826
-2.003707
1.253919
0.012879
-2.003724
1.253940
0.012834
-2.003735
1.253955
0.012822
-2.003742
1.253966
0.012842
-2.003749
1.253977
0.012815
-2.003754
1.253985
0.012803
-2.003760
1.253992
0.012826
