-0.000143
-0.027078
-0.000343
0.999633
-0.000043
-0.027056
-0.000348
0.999634
-0.000054
-0.027074
-0.000349
0.999633
-0.000048
-0.027097
-0.000350
0.999633
-0.000148
-0.027179
-0.000350
0.999631
-0.000184
-0.027223
-0.000350
0.999629
-0.000367
-0.027334
-0.000347
0.999626
-0.000541
-0.027427
-0.000344
0.999624
-0.000668
-0.027483
-0.000341
0.999622
-0.000933
-0.027567
-0.000336
0.999619
-0.001065
-0.027592
-0.000334
0.999619
-0.001266
-0.027606
-0.000330
0.999618
-0.001448
-0.027602
-0.000327
0.999618
-0.001666
-0.027640
-0.000323
0.999617
-0.001809
-0.027678
-0.000320
0.999615
-0.001984
-0.027742
-0.000317
0.999613
-0.002261
-0.027856
-0.000312
0.999609
-0.002572
-0.027991
-0.000306
0.999605
-0.002823
-0.028080
-0.000301
0.999602
-0.003001
-0.028137
-0.000298
0.999600
-0.003268
-0.028198
-0.000294
0.999597
-0.003529
-0.028211
-0.000290
0.999596
-0.003697
-0.028185
-0.000288
0.999596
-0.003789
-0.028142
-0.000288
0.999597
-0.003854
-0.028089
-0.000288
0.999598
-0.003936
-0.027970
-0.000289
0.999601
-0.003930
-0.027898
-0.000292
0.999603
-0.003916
-0.027835
-0.000294
0.999605
-0.003856
-0.027742
-0.000299
0.999608
-0.003829
-0.027708
-0.000302
0.999609
-0.001843
-0.028000
-0.000397
0.999606
-0.001683
-0.027954
-0.000403
0.999608
-0.001350
-0.027787
-0.000416
0.999613
-0.001049
-0.027613
-0.000427
0.999618
-0.000764
-0.027431
-0.000438
0.999623
-0.000381
-0.027193
-0.000452
0.999630
-0.000244
-0.027093
-0.000457
0.999633
-0.000107
-0.027018
-0.000463
0.999635
-0.000004
-0.026992
-0.000469
0.999636
0.000002
-0.027022
-0.000471
0.999635
-0.000057
-0.027078
-0.000471
0.999633
-0.000115
-0.027138
-0.000471
0.999632
-0.000193
-0.027207
-0.000470
0.999630
-0.000298
-0.027302
-0.000468
0.999627
-0.000414
-0.027378
-0.000466
0.999625
-0.000658
-0.027497
-0.000461
0.999622
-0.000865
-0.027577
-0.000457
0.999619
-0.001087
-0.027636
-0.000453
0.999617
-0.001281
-0.027647
-0.000450
0.999617
-0.001453
-0.027624
-0.000447
0.999617
-0.001583
-0.027627
-0.000444
0.999617
-0.001813
-0.027678
-0.000440
0.999615
-0.002063
-0.027753
-0.000436
0.999613
-0.002240
-0.027820
-0.000432
0.999610
-0.002576
-0.027944
-0.000426
0.999606
-0.002870
-0.028068
-0.000421
0.999602
-0.003037
-0.028120
-0.000418
0.999600
-0.003193
-0.028160
-0.000416
0.999598
-0.003317
-0.028172
-0.000413
0.999597
-0.003520
-0.028183
-0.000411
0.999597
-0.000043
-0.027041
-0.000590
0.999634
-0.000086
-0.027078
-0.000590
0.999633
-0.000138
-0.027139
-0.000590
0.999631
-0.000254
-0.027247
-0.000588
0.999629
-0.000417
-0.027381
-0.000586
0.999625
-0.000601
-0.027487
-0.000583
0.999622
-0.000798
-0.027572
-0.000579
0.999619
-0.000917
-0.027602
-0.000576
0.999618
-0.001129
-0.027647
-0.000573
0.999617
-0.001312
-0.027647
-0.000569
0.999617
-0.001488
-0.027631
-0.000566
0.999617
-0.001626
-0.027646
-0.000564
0.999616
-0.002007
-0.027741
-0.000557
0.999613
-0.002124
-0.027796
-0.000555
0.999611
-0.002306
-0.027866
-0.000551
0.999609
-0.002642
-0.027984
-0.000545
0.999605
-0.002908
-0.028073
-0.000540
0.999601
-0.003157
-0.028146
-0.000536
0.999599
-0.003253
-0.028166
-0.000534
0.999598
-0.003393
-0.028183
-0.000532
0.999597
-0.003577
-0.028189
-0.000530
0.999596
-0.003717
-0.028141
-0.000529
0.999597
-0.003848
-0.028061
-0.000528
0.999599
-0.003863
-0.028030
-0.000530
0.999599
-0.003890
-0.027930
-0.000532
0.999602
-0.003885
-0.027870
-0.000534
0.999604
-0.003843
-0.027798
-0.000539
0.999606
-0.003823
-0.027752
-0.000541
0.999607
-0.003680
-0.027688
-0.000549
0.999610
-0.003537
-0.027672
-0.000557
0.999611
-0.000018
-0.027026
-0.000710
0.999634
-0.000043
-0.027069
-0.000710
0.999633
-0.000161
-0.027177
-0.000709
0.999630
-0.000250
-0.027270
-0.000708
0.999628
-0.000355
-0.027346
-0.000706
0.999626
-0.000473
-0.027420
-0.000704
0.999624
-0.000651
-0.027502
-0.000701
0.999621
-0.000786
-0.027558
-0.000698
0.999620
-0.000990
-0.027618
-0.000694
0.999618
-0.001124
-0.027640
-0.000691
0.999617
-0.001427
-0.027628
-0.000686
0.999617
-0.001697
-0.027644
-0.000681
0.999616
-0.001966
-0.027729
-0.000676
0.999613
-0.002229
-0.027820
-0.000671
0.999610
-0.002568
-0.027943
-0.000665
0.999606
-0.002775
-0.028028
-0.000661
0.999603
-0.003092
-0.028119
-0.000656
0.999600
-0.003322
-0.028172
-0.000652
0.999597
-0.003588
-0.028187
-0.000649
0.999596
-0.003725
-0.028140
-0.000647
0.999597
-0.003825
-0.028084
-0.000648
0.999598
-0.003901
-0.027977
-0.000649
0.999601
-0.003906
-0.027885
-0.000652
0.999603
-0.003868
-0.027801
-0.000656
0.999606
-0.003753
-0.027721
-0.000664
0.999608
-0.003531
-0.027673
-0.000676
0.999611
-0.003340
-0.027668
-0.000686
0.999611
-0.003208
-0.027688
-0.000693
0.999611
-0.002998
-0.027738
-0.000703
0.999610
-0.002735
-0.027830
-0.000715
0.999609
-0.000724
-0.027530
-0.000818
0.999620
-0.000943
-0.027612
-0.000813
0.999618
-0.001141
-0.027645
-0.000810
0.999617
-0.001326
-0.027644
-0.000806
0.999617
-0.001428
-0.027628
-0.000804
0.999617
-0.001642
-0.027643
-0.000801
0.999616
-0.001854
-0.027684
-0.000797
0.999615
-0.002024
-0.027738
-0.000793
0.999613
-0.002322
-0.027863
-0.000788
0.999609
-0.002658
-0.027982
-0.000782
0.999605
-0.002922
-0.028071
-0.000777
0.999601
-0.003171
-0.028144
-0.000773
0.999599
-0.003265
-0.028164
-0.000771
0.999598
-0.003517
-0.028183
-0.000767
0.999596
-0.003678
-0.028165
-0.000766
0.999596
-0.003762
-0.028132
-0.000765
0.999597
-0.003854
-0.028060
-0.000765
0.999599
-0.003903
-0.027977
-0.000767
0.999601
-0.003888
-0.027870
-0.000771
0.999604
-0.003845
-0.027798
-0.000776
0.999606
-0.003758
-0.027720
-0.000782
0.999608
-0.003629
-0.027671
-0.000790
0.999610
-0.003468
-0.027659
-0.000798
0.999611
-0.003228
-0.027680
-0.000810
0.999611
-0.003076
-0.027719
-0.000817
0.999611
-0.002883
-0.027779
-0.000826
0.999610
-0.002723
-0.027834
-0.000834
0.999609
-0.002473
-0.027942
-0.000846
0.999606
-0.002273
-0.028026
-0.000856
0.999604
-0.002048
-0.028028
-0.000866
0.999605
-0.000260
-0.027269
-0.000944
0.999628
-0.000482
-0.027419
-0.000940
0.999623
-0.000674
-0.027518
-0.000936
0.999621
-0.000877
-0.027594
-0.000932
0.999618
-0.001129
-0.027639
-0.000927
0.999617
-0.001317
-0.027644
-0.000924
0.999617
-0.001507
-0.027628
-0.000921
0.999617
-0.001719
-0.027652
-0.000917
0.999616
-0.001969
-0.027730
-0.000912
0.999613
-0.002297
-0.027839
-0.000906
0.999609
-0.002598
-0.027962
-0.000900
0.999605
-0.002842
-0.028046
-0.000896
0.999602
-0.003014
-0.028101
-0.000893
0.999600
-0.003251
-0.028155
-0.000889
0.999598
-0.003592
-0.028187
-0.000884
0.999596
-0.003767
-0.028132
-0.000882
0.999597
-0.003859
-0.028059
-0.000883
0.999598
-0.003896
-0.028004
-0.000884
0.999600
-0.003916
-0.027915
-0.000886
0.999602
-0.003866
-0.027813
-0.000891
0.999605
-0.003827
-0.027751
-0.000895
0.999607
-0.003762
-0.027711
-0.000900
0.999608
-0.003589
-0.027667
-0.000909
0.999610
-0.003425
-0.027669
-0.000917
0.999611
-0.003231
-0.027680
-0.000927
0.999611
-0.003147
-0.027701
-0.000931
0.999611
-0.002937
-0.027760
-0.000941
0.999610
-0.002795
-0.027809
-0.000948
0.999609
-0.002588
-0.027890
-0.000958
0.999607
-0.002352
-0.028000
-0.000969
0.999605
-0.002078
-0.028037
-0.001098
0.999604
-0.001880
-0.027986
-0.001106
0.999606
-0.001595
-0.027873
-0.001117
0.999610
-0.001429
-0.027801
-0.001123
0.999612
-0.001100
-0.027599
-0.001135
0.999618
-0.000817
-0.027420
-0.001145
0.999623
-0.000507
-0.027232
-0.001157
0.999628
-0.000305
-0.027105
-0.001165
0.999632
-0.000156
-0.027015
-0.001171
0.999634
-0.000075
-0.026992
-0.001176
0.999635
-0.000037
-0.027025
-0.001179
0.999634
-0.000082
-0.027096
-0.001179
0.999632
-0.000220
-0.027231
-0.001178
0.999628
-0.000317
-0.027306
-0.001176
0.999626
-0.000428
-0.027382
-0.001174
0.999624
-0.000615
-0.027487
-0.001171
0.999621
-0.000868
-0.027580
-0.001166
0.999619
-0.001070
-0.027630
-0.001162
0.999617
-0.001263
-0.027646
-0.001158
0.999616
-0.001447
-0.027624
-0.001155
0.999617
-0.001653
-0.027643
-0.001151
0.999616
-0.001887
-0.027695
-0.001147
0.999614
-0.002212
-0.027802
-0.001141
0.999610
-0.002487
-0.027910
-0.001135
0.999607
-0.002758
-0.028010
-0.001130
0.999603
-0.002958
-0.028085
-0.001127
0.999601
-0.003182
-0.028143
-0.001123
0.999598
-0.003331
-0.028171
-0.001120
0.999597
-0.003528
-0.028181
-0.001118
0.999596
-0.003696
-0.028164
-0.001116
0.999596
-0.003289
-0.027674
-0.001157
0.999611
-0.003154
-0.027700
-0.001164
0.999611
-0.002892
-0.027778
-0.001176
0.999609
-0.002663
-0.027863
-0.001187
0.999608
-0.002465
-0.027948
-0.001197
0.999606
-0.002212
-0.028035
-0.001209
0.999604
-0.001998
-0.028024
-0.001217
0.999605
-0.001726
-0.027939
-0.001228
0.999607
-0.001400
-0.027772
-0.001240
0.999613
-0.001103
-0.027599
-0.001251
0.999618
-0.000588
-0.027282
-0.001270
0.999627
-0.000358
-0.027123
-0.001279
0.999631
-0.000159
-0.027024
-0.001287
0.999634
-0.000099
-0.026994
-0.001290
0.999635
-0.000065
-0.026995
-0.001292
0.999635
-0.000063
-0.027034
-0.001294
0.999634
-0.000117
-0.027110
-0.001295
0.999632
-0.000181
-0.027176
-0.001294
0.999630
-0.000314
-0.027286
-0.001292
0.999627
-0.000492
-0.027419
-0.001289
0.999623
-0.000684
-0.027518
-0.001285
0.999620
-0.000939
-0.027600
-0.001280
0.999618
-0.001279
-0.027648
-0.001274
0.999616
-0.001501
-0.027622
-0.001269
0.999616
-0.001710
-0.027644
-0.001266
0.999616
-0.001952
-0.027709
-0.001261
0.999613
-0.002241
-0.027819
-0.001256
0.999610
-0.002580
-0.027943
-0.001249
0.999605
-0.002788
-0.028027
-0.001245
0.999602
-0.003104
-0.028118
-0.001240
0.999599
-0.002875
-0.027781
-0.001292
0.999609
-0.002754
-0.027828
-0.001298
0.999608
-0.002533
-0.027920
-0.001309
0.999606
-0.002301
-0.028021
-0.001320
0.999604
-0.002060
-0.028027
-0.001330
0.999604
-0.001823
-0.027974
-0.001339
0.999606
-0.001303
-0.027716
-0.001359
0.999614
-0.000915
-0.027479
-0.001373
0.999621
-0.000651
-0.027307
-0.001383
0.999626
-0.000426
-0.027163
-0.001391
0.999630
-0.000249
-0.027058
-0.001398
0.999633
-0.000095
-0.026997
-0.001405
0.999635
-0.000044
-0.026998
-0.001408
0.999634
-0.000043
-0.027025
-0.001410
0.999634
-0.000088
-0.027096
-0.001410
0.999632
-0.000185
-0.027194
-0.001409
0.999629
-0.000369
-0.027324
-0.001406
0.999626
-0.000544
-0.027435
-0.001403
0.999622
-0.000806
-0.027557
-0.001398
0.999619
-0.000958
-0.027612
-0.001395
0.999617
-0.001207
-0.027644
-0.001390
0.999616
-0.001399
-0.027636
-0.001386
0.999616
-0.001583
-0.027627
-0.001383
0.999616
-0.001955
-0.027709
-0.001376
0.999613
-0.002340
-0.027862
-0.001369
0.999608
-0.002584
-0.027942
-0.001364
0.999605
-0.002883
-0.028066
-0.001359
0.999601
-0.003052
-0.028118
-0.001356
0.999599
-0.003283
-0.028162
-0.001352
0.999597
-0.003489
-0.028192
-0.001349
0.999596
-0.000853
-0.027450
-0.001490
0.999622
-0.000574
-0.027255
-0.001500
0.999627
-0.000364
-0.027123
-0.001508
0.999631
-0.000206
-0.027034
-0.001515
0.999633
-0.000074
-0.026992
-0.001521
0.999634
-0.000043
-0.027009
-0.001523
0.999634
-0.000124
-0.027110
-0.001524
0.999631
-0.000188
-0.027176
-0.001523
0.999629
-0.000320
-0.027286
-0.001521
0.999626
-0.000498
-0.027419
-0.001518
0.999623
-0.000691
-0.027518
-0.001514
0.999620
-0.000945
-0.027600
-0.001509
0.999617
-0.001146
-0.027639
-0.001505
0.999616
-0.001345
-0.027643
-0.001501
0.999616
-0.001523
-0.027627
-0.001498
0.999616
-0.001734
-0.027651
-0.001494
0.999615
-0.001874
-0.027682
-0.001491
0.999614
-0.002133
-0.027769
-0.001487
0.999611
-0.002431
-0.027890
-0.001481
0.999607
-0.002708
-0.028003
-0.001476
0.999603
-0.002886
-0.028066
-0.001473
0.999601
-0.003133
-0.028130
-0.001468
0.999598
-0.003538
-0.028180
-0.001462
0.999596
-0.003706
-0.028163
-0.001460
0.999595
-0.003816
-0.028096
-0.001460
0.999597
-0.003888
-0.028027
-0.001461
0.999599
-0.003915
-0.027908
-0.001464
0.999602
-0.003864
-0.027795
-0.001469
0.999605
-0.003812
-0.027748
-0.001473
0.999607
-0.003699
-0.027686
-0.001480
0.999609
-0.002434
-0.027889
-0.001594
0.999607
-0.002682
-0.027979
-0.001590
0.999604
-0.002971
-0.028084
-0.001584
0.999600
-0.003270
-0.028153
-0.001579
0.999597
-0.003429
-0.028179
-0.001577
0.999596
-0.003611
-0.028184
-0.001574
0.999595
-0.003789
-0.028127
-0.001573
0.999596
-0.003871
-0.028044
-0.001573
0.999598
-0.003914
-0.027968
-0.001575
0.999600
-0.003924
-0.027853
-0.001578
0.999603
-0.003872
-0.027771
-0.001583
0.999606
-0.003781
-0.027709
-0.001589
0.999608
-0.003608
-0.027664
-0.001598
0.999609
-0.003444
-0.027667
-0.001607
0.999610
-0.003250
-0.027678
-0.001616
0.999610
-0.003027
-0.027735
-0.001627
0.999609
-0.002815
-0.027807
-0.001637
0.999608
-0.002556
-0.027903
-0.001649
0.999606
-0.002372
-0.027998
-0.001658
0.999604
-0.002150
-0.028035
-0.001668
0.999603
-0.001833
-0.027974
-0.001681
0.999606
-0.001544
-0.027851
-0.001691
0.999609
-0.001245
-0.027689
-0.001702
0.999614
-0.000924
-0.027478
-0.001714
0.999621
-0.000660
-0.027307
-0.001724
0.999625
-0.000450
-0.027185
-0.001731
0.999629
-0.000214
-0.027046
-0.001741
0.999633
-0.000111
-0.026994
-0.001746
0.999634
-0.000070
-0.027003
-0.001749
0.999634
-0.000088
-0.027056
-0.001750
0.999632
-0.003655
-0.028169
-0.001686
0.999595
-0.003789
-0.028129
-0.001685
0.999596
-0.003902
-0.028031
-0.001686
0.999598
-0.003936
-0.027941
-0.001688
0.999600
-0.003927
-0.027853
-0.001691
0.999603
-0.003875
-0.027771
-0.001696
0.999605
-0.003748
-0.027710
-0.001703
0.999608
-0.003611
-0.027664
-0.001711
0.999609
-0.003447
-0.027666
-0.001719
0.999610
-0.003239
-0.027684
-0.001730
0.999610
-0.002834
-0.027793
-0.001748
0.999608
-0.002611
-0.027888
-0.001759
0.999606
-0.002375
-0.027998
-0.001770
0.999604
-0.002175
-0.028040
-0.001779
0.999603
-0.001927
-0.028002
-0.001789
0.999604
-0.001416
-0.027771
-0.001809
0.999612
-0.001051
-0.027570
-0.001822
0.999618
-0.000748
-0.027362
-0.001833
0.999624
-0.000508
-0.027207
-0.001842
0.999628
-0.000314
-0.027088
-0.001849
0.999631
-0.000175
-0.027015
-0.001855
0.999633
-0.000080
-0.026995
-0.001860
0.999634
-0.000078
-0.027034
-0.001862
0.999633
-0.000133
-0.027110
-0.001862
0.999631
-0.000239
-0.027231
-0.001861
0.999627
-0.000447
-0.027382
-0.001858
0.999623
-0.000751
-0.027530
-0.001852
0.999619
-0.000970
-0.027611
-0.001847
0.999617
-0.001170
-0.027644
-0.001843
0.999615
-0.001401
-0.027636
-0.001839
0.999615
-0.003256
-0.027677
-0.001840
0.999610
-0.002978
-0.027745
-0.001854
0.999609
-0.002821
-0.027806
-0.001861
0.999608
-0.002562
-0.027903
-0.001873
0.999606
-0.002378
-0.027998
-0.001882
0.999603
-0.002156
-0.028034
-0.001892
0.999603
-0.001839
-0.027973
-0.001905
0.999605
-0.001617
-0.027872
-0.001913
0.999608
-0.001251
-0.027689
-0.001926
0.999614
-0.000959
-0.027510
-0.001937
0.999619
-0.000606
-0.027282
-0.001950
0.999626
-0.000388
-0.027143
-0.001958
0.999630
-0.000220
-0.027045
-0.001965
0.999632
-0.000110
-0.026997
-0.001970
0.999634
-0.000059
-0.026998
-0.001973
0.999634
-0.000094
-0.027056
-0.001974
0.999632
-0.000165
-0.027142
-0.001974
0.999630
-0.000288
-0.027268
-0.001972
0.999626
-0.000637
-0.027486
-0.001966
0.999620
-0.001092
-0.027629
-0.001956
0.999616
-0.001460
-0.027626
-0.001949
0.999615
-0.001806
-0.027660
-0.001943
0.999614
-0.002057
-0.027735
-0.001938
0.999611
-0.002355
-0.027861
-0.001932
0.999607
-0.002626
-0.027959
-0.001927
0.999604
-0.002898
-0.028064
-0.001922
0.999600
-0.003145
-0.028128
-0.001917
0.999598
-0.003374
-0.028181
-0.001914
0.999595
-0.003608
-0.028179
-0.001910
0.999595
-0.003758
-0.028135
-0.001909
0.999595
0.012445
-0.024867
0.499615
0.865801
0.012362
-0.024974
0.499615
0.865799
0.012290
-0.025027
0.499615
0.865799
0.012202
-0.025097
0.499615
0.865798
0.012067
-0.025233
0.499616
0.865795
0.011956
-0.025364
0.499617
0.865792
0.011836
-0.025495
0.499618
0.865790
0.011712
-0.025627
0.499619
0.865787
0.011541
-0.025775
0.499621
0.865784
0.011454
-0.025846
0.499621
0.865783
0.011298
-0.025918
0.499623
0.865782
0.011190
-0.025945
0.499623
0.865782
0.011106
-0.025950
0.499623
0.865783
0.011039
-0.025918
0.499622
0.865785
0.010980
-0.025879
0.499621
0.865788
0.010974
-0.025828
0.499619
0.865791
0.011021
-0.025750
0.499614
0.865795
0.011082
-0.025701
0.499610
0.865798
0.011166
-0.025639
0.499604
0.865802
0.011278
-0.025591
0.499598
0.865806
0.011445
-0.025548
0.499590
0.865809
0.011580
-0.025511
0.499584
0.865813
0.011717
-0.025500
0.499577
0.865815
0.011849
-0.025488
0.499570
0.865817
0.011959
-0.025477
0.499564
0.865820
0.012102
-0.025378
0.499558
0.865824
0.012221
-0.025195
0.499552
0.865831
0.012352
-0.024904
0.499546
0.865841
0.012480
-0.024645
0.499541
0.865850
0.012621
-0.024536
0.499535
0.865854
0.012929
-0.024065
0.499504
0.865881
0.012805
-0.024165
0.499505
0.865879
0.012703
-0.024359
0.499505
0.865875
0.012636
-0.024572
0.499506
0.865870
0.012580
-0.024794
0.499505
0.865865
0.012489
-0.024937
0.499505
0.865862
0.012426
-0.024978
0.499505
0.865862
0.012377
-0.024934
0.499504
0.865864
0.012307
-0.024935
0.499504
0.865865
0.012206
-0.024993
0.499504
0.865865
0.012090
-0.025126
0.499505
0.865862
0.012027
-0.025212
0.499505
0.865861
0.011924
-0.025370
0.499505
0.865857
0.011816
-0.025528
0.499506
0.865854
0.011700
-0.025659
0.499507
0.865851
0.011546
-0.025806
0.499508
0.865848
0.011425
-0.025910
0.499509
0.865846
0.011310
-0.025953
0.499510
0.865846
0.011209
-0.025986
0.499510
0.865846
0.011071
-0.025950
0.499510
0.865849
0.011006
-0.025887
0.499509
0.865852
0.010974
-0.025823
0.499507
0.865856
0.011018
-0.025747
0.499502
0.865860
0.011044
-0.025692
0.499499
0.865863
0.011123
-0.025634
0.499494
0.865866
0.011264
-0.025566
0.499487
0.865871
0.011396
-0.025532
0.499480
0.865874
0.011534
-0.025509
0.499473
0.865877
0.011673
-0.025491
0.499467
0.865879
0.011807
-0.025486
0.499460
0.865881
0.010989
-0.025993
0.499288
0.865976
0.010892
-0.025918
0.499288
0.865980
0.010872
-0.025827
0.499286
0.865984
0.010884
-0.025765
0.499283
0.865988
0.010928
-0.025687
0.499279
0.865992
0.011013
-0.025628
0.499273
0.865996
0.011173
-0.025576
0.499265
0.866000
0.011327
-0.025540
0.499257
0.866003
0.011479
-0.025522
0.499251
0.866006
0.011651
-0.025510
0.499243
0.866008
0.011807
-0.025502
0.499235
0.866011
0.011948
-0.025489
0.499229
0.866013
0.012145
-0.025327
0.499220
0.866020
0.012300
-0.025105
0.499214
0.866028
0.012449
-0.024869
0.499208
0.866036
0.012615
-0.024518
0.499201
0.866047
0.012812
-0.024154
0.499194
0.866059
0.012958
-0.023880
0.499188
0.866068
0.013094
-0.023659
0.499182
0.866075
0.013217
-0.023494
0.499177
0.866081
0.013317
-0.023423
0.499172
0.866084
0.013394
-0.023425
0.499168
0.866085
0.013452
-0.023526
0.499165
0.866083
0.013446
-0.023764
0.499162
0.866078
0.013403
-0.023960
0.499162
0.866074
0.013316
-0.024136
0.499163
0.866069
0.013163
-0.024329
0.499166
0.866065
0.013020
-0.024458
0.499169
0.866062
0.012852
-0.024558
0.499172
0.866059
0.012686
-0.024609
0.499175
0.866059
0.010558
-0.025975
0.499019
0.866137
0.010637
-0.025859
0.499014
0.866143
0.011485
-0.025480
0.498975
0.866166
0.011704
-0.025447
0.498966
0.866169
0.011962
-0.025426
0.498955
0.866172
0.012171
-0.025347
0.498946
0.866177
0.012365
-0.025177
0.498939
0.866183
0.012554
-0.024937
0.498931
0.866192
0.012733
-0.024653
0.498925
0.866201
0.012899
-0.024352
0.498918
0.866211
0.013041
-0.024100
0.498913
0.866219
0.013174
-0.023838
0.498907
0.866227
0.013252
-0.023667
0.498904
0.866233
0.013376
-0.023481
0.498898
0.866239
0.013430
-0.023413
0.498895
0.866242
0.013481
-0.023421
0.498892
0.866243
0.013457
-0.023533
0.498891
0.866241
0.013445
-0.023638
0.498890
0.866238
0.013382
-0.023804
0.498891
0.866234
0.013256
-0.024026
0.498893
0.866229
0.013136
-0.024206
0.498895
0.866225
0.012988
-0.024386
0.498898
0.866220
0.012832
-0.024514
0.498901
0.866217
0.012672
-0.024606
0.498904
0.866215
0.012465
-0.024702
0.498908
0.866213
0.012292
-0.024845
0.498911
0.866210
0.012099
-0.025062
0.498914
0.866204
0.011916
-0.025294
0.498917
0.866198
0.011684
-0.025564
0.498921
0.866191
0.011499
-0.025774
0.498924
0.866186
0.013353
-0.023521
0.498810
0.866289
0.013403
-0.023448
0.498807
0.866292
0.013446
-0.023408
0.498805
0.866294
0.013467
-0.023441
0.498803
0.866294
0.013470
-0.023546
0.498801
0.866292
0.013426
-0.023692
0.498801
0.866289
0.013320
-0.023905
0.498803
0.866283
0.013214
-0.024089
0.498804
0.866279
0.013079
-0.024285
0.498807
0.866274
0.012931
-0.024435
0.498810
0.866271
0.012772
-0.024552
0.498813
0.866268
0.012567
-0.024645
0.498817
0.866266
0.012401
-0.024746
0.498820
0.866264
0.012212
-0.024928
0.498823
0.866259
0.012032
-0.025145
0.498826
0.866254
0.011847
-0.025365
0.498829
0.866248
0.011616
-0.025637
0.498833
0.866241
0.011434
-0.025845
0.498836
0.866236
0.011244
-0.026028
0.498838
0.866231
0.011080
-0.026157
0.498840
0.866228
0.010926
-0.026217
0.498842
0.866227
0.010752
-0.026236
0.498844
0.866228
0.010652
-0.026221
0.498845
0.866229
0.010584
-0.026139
0.498844
0.866233
0.010561
-0.025999
0.498840
0.866239
0.010625
-0.025865
0.498835
0.866246
0.010721
-0.025756
0.498830
0.866251
0.010872
-0.025662
0.498822
0.866256
0.011053
-0.025588
0.498814
0.866261
0.011259
-0.025527
0.498805
0.866265
