-0.000063
-0.000010
-0.000000
1.000000
-0.000087
-0.000033
0.104528
0.994522
-0.000060
-0.000023
0.207912
0.978148
-0.000078
-0.000050
0.309017
0.951057
0.000000
0.000000
0.406737
0.913545
0.000000
0.000000
0.500000
0.866025
-0.000046
-0.000045
0.587785
0.809017
-0.000041
-0.000050
0.669131
0.743145
-0.000043
-0.000083
0.743145
0.669131
-0.000029
-0.000057
0.809017
0.587785
-0.000023
-0.000060
0.866025
0.500000
-0.000017
-0.000062
0.913545
0.406737
-0.000010
-0.000063
0.951057
0.309017
0.000004
-0.000093
0.978148
0.207912
0.000003
-0.000064
0.994522
0.104528
0.000000
0.000000
1.000000
0.000000
0.000016
-0.000062
0.994522
-0.104528
0.000023
-0.000060
0.978148
-0.207912
0.000029
-0.000057
0.951057
-0.309017
-0.000000
0.000000
0.913545
-0.406737
0.000065
-0.000066
0.866025
-0.500000
0.000045
-0.000046
0.809017
-0.587785
0.000078
-0.000051
0.743145
-0.669131
0.000054
-0.000035
0.669131
-0.743145
0.000057
-0.000029
0.587785
-0.809017
0.000060
-0.000023
0.500000
-0.866025
0.000062
-0.000017
0.406737
-0.913545
0.000093
-0.000006
0.309017
-0.951057
0.000064
-0.000004
0.207912
-0.978148
0.000064
0.000003
0.104528
-0.994522
0.000000
0.000000
0.000000
1.000000
-0.000087
-0.000033
0.104528
0.994522
0.000000
0.000000
0.207912
0.978148
-0.000057
-0.000029
0.309017
0.951057
-0.000054
-0.000035
0.406737
0.913545
-0.000050
-0.000040
0.500000
0.866025
-0.000046
-0.000045
0.587785
0.809017
-0.000041
-0.000050
0.669131
0.743145
-0.000035
-0.000054
0.743145
0.669131
-0.000034
-0.000087
0.809017
0.587785
0.000000
0.000000
0.866025
0.500000
-0.000017
-0.000062
0.913545
0.406737
-0.000010
-0.000063
0.951057
0.309017
-0.000004
-0.000064
0.978148
0.207912
0.000003
-0.000064
0.994522
0.104528
0.000010
-0.000063
1.000000
0.000000
-0.000000
0.000000
0.994522
-0.104528
0.000042
-0.000083
0.978148
-0.207912
-0.000000
0.000000
0.951057
-0.309017
0.000035
-0.000054
0.913545
-0.406737
0.000040
-0.000050
0.866025
-0.500000
0.000045
-0.000046
0.809017
-0.587785
0.000050
-0.000041
0.743145
-0.669131
0.000083
-0.000043
0.669131
-0.743145
0.000057
-0.000029
0.587785
-0.809017
0.000090
-0.000025
0.500000
-0.866025
-0.000000
0.000000
0.406737
-0.913545
-0.000000
0.000000
0.309017
-0.951057
0.000064
-0.000004
0.207912
-0.978148
0.000064
0.000003
0.104528
-0.994522
