-1.470128
1.102569
0.000250
-1.470128
1.102569
0.000249
-1.470128
1.102569
0.000250
-1.470128
1.102569
0.000249
-1.470128
1.102569
0.000000
-1.470128
1.102569
0.000000
-1.470128
1.102569
0.000250
-1.470128
1.102569
0.000250
-1.470128
1.102569
0.000249
-1.470128
1.102569
0.000250
-1.470128
1.102569
0.000250
-1.470128
1.102569
0.000250
-1.470128
1.102569
0.000250
-1.470128
1.102569
0.000249
-1.470128
1.102569
0.000250
-1.470128
1.102569
0.000000
-1.470128
1.102569
0.000250
-1.470128
1.102569
0.000250
-1.470128
1.102569
0.000250
-1.470128
1.102569
0.000000
-1.470128
1.102569
0.000249
-1.470128
1.102569
0.000250
-1.470128
1.102569
0.000249
-1.470128
1.102569
0.000250
-1.470128
1.102569
0.000250
-1.470128
1.102569
0.000250
-1.470128
1.102569
0.000250
-1.470128
1.102569
0.000249
-1.470128
1.102569
0.000250
-1.470128
1.102569
0.000250
-1.450000
1.250000
0.000000
-1.450000
1.250000
0.000249
-1.450000
1.250000
0.000000
-1.450000
1.250000
0.000250
-1.450000
1.250000
0.000250
-1.450000
1.250000
0.000250
-1.450000
1.250000
0.000250
-1.450000
1.250000
0.000250
-1.450000
1.250000
0.000250
-1.450000
1.250000
0.000249
-1.450000
1.250000
0.000000
-1.450000
1.250000
0.000250
-1.450000
1.250000
0.000250
-1.450000
1.250000
0.000250
-1.450000
1.250000
0.000250
-1.450000
1.250000
0.000250
-1.450000
1.250000
0.000000
-1.450000
1.250000
0.000249
-1.450000
1.250000
0.000000
-1.450000
1.250000
0.000250
-1.450000
1.250000
0.000250
-1.450000
1.250000
0.000250
-1.450000
1.250000
0.000250
-1.450000
1.250000
0.000249
-1.450000
1.250000
0.000250
-1.450000
1.250000
0.000249
-1.450000
1.250000
0.000000
-1.450000
1.250000
0.000000
-1.450000
1.250000
0.000250
-1.450000
1.250000
0.000250
