-1.999577
1.251346
0.012796
-1.999568
1.251355
0.012787
-1.999563
1.251360
0.012781
-1.999549
1.251375
0.012767
-1.999540
1.251388
0.012763
-1.999531
1.251406
0.012765
-1.999526
1.251420
0.012768
-1.999518
1.251448
0.012777
-1.999512
1.251476
0.012782
-1.999504
1.251508
0.012795
-1.999502
1.251547
0.012834
-1.999499
1.251586
0.012832
-1.999493
1.251605
0.012833
-1.999487
1.251634
0.012846
-1.999483
1.251666
0.012863
-1.999481
1.251683
0.012843
-1.999480
1.251704
0.012886
-1.999476
1.251740
0.012845
-1.999469
1.251772
0.012835
-1.999464
1.251791
0.012875
-1.999458
1.251807
0.012847
-1.999448
1.251833
0.012835
-1.999438
1.251858
0.012849
-1.999432
1.251874
0.012838
-1.999426
1.251893
0.012851
-1.999424
1.251903
0.012860
-1.999420
1.251928
0.012865
-1.999412
1.251943
0.012832
-1.999398
1.251953
0.012801
-1.999376
1.251974
0.012775
-1.998237
1.255713
0.012862
-1.998228
1.255722
0.012826
-1.998215
1.255727
0.012786
-1.998201
1.255730
0.012752
-1.998183
1.255737
0.012727
-1.998167
1.255750
0.012725
-1.998161
1.255762
0.012737
-1.998156
1.255781
0.012760
-1.998154
1.255812
0.012793
-1.998153
1.255834
0.012807
-1.998150
1.255863
0.012813
-1.998147
1.255887
0.012804
-1.998139
1.255919
0.012825
-1.998136
1.255937
0.012833
-1.998134
1.255979
0.012863
-1.998134
1.256010
0.012892
-1.998134
1.256040
0.012847
-1.998128
1.256087
0.012898
-1.998122
1.256109
0.012886
-1.998111
1.256140
0.012864
-1.998104
1.256154
0.012825
-1.998097
1.256169
0.012818
-1.998090
1.256183
0.012816
-1.998082
1.256200
0.012825
-1.998077
1.256213
0.012845
-1.998076
1.256224
0.012866
-1.998070
1.256239
0.012841
-1.998061
1.256244
0.012810
-1.998045
1.256248
0.012766
-1.998027
1.256254
0.012733
