-0.001162
-0.027528
-0.000124
0.999620
-0.000868
-0.027464
-0.000131
0.999622
-0.000706
-0.027414
-0.000135
0.999624
-0.000439
-0.027318
-0.000141
0.999627
-0.000369
-0.027289
-0.000141
0.999627
-0.000430
-0.027300
-0.000137
0.999627
-0.000495
-0.027327
-0.000133
0.999626
-0.000754
-0.027384
-0.000123
0.999625
-0.000983
-0.027423
-0.000114
0.999623
-0.001272
-0.027521
-0.000104
0.999620
-0.001644
-0.027799
-0.000091
0.999612
-0.001853
-0.027782
-0.000084
0.999612
-0.001982
-0.027792
-0.000079
0.999612
-0.002257
-0.027886
-0.000070
0.999609
-0.002582
-0.028011
-0.000060
0.999604
-0.002747
-0.028066
-0.000055
0.999602
-0.002908
-0.028103
-0.000050
0.999601
-0.003205
-0.028103
-0.000041
0.999600
-0.003358
-0.028024
-0.000036
0.999602
-0.003376
-0.027958
-0.000035
0.999603
-0.003391
-0.027892
-0.000034
0.999605
-0.003297
-0.027806
-0.000037
0.999608
-0.003071
-0.027785
-0.000044
0.999609
-0.002872
-0.027832
-0.000051
0.999608
-0.002615
-0.027923
-0.000059
0.999607
-0.002469
-0.027994
-0.000064
0.999605
-0.002177
-0.028025
-0.000071
0.999605
-0.001782
-0.027780
-0.000082
0.999612
-0.001447
-0.027551
-0.000090
0.999619
-0.001047
-0.027375
-0.000099
0.999625
-0.001873
-0.028004
0.000100
0.999606
-0.001294
-0.027748
0.000085
0.999614
-0.000808
-0.027451
0.000073
0.999623
-0.000454
-0.027207
0.000064
0.999630
-0.000120
-0.027024
0.000057
0.999635
0.000002
-0.027009
0.000056
0.999635
-0.000046
-0.027096
0.000060
0.999633
-0.000230
-0.027268
0.000068
0.999628
-0.000629
-0.027501
0.000083
0.999622
-0.000899
-0.027601
0.000092
0.999619
-0.001227
-0.027647
0.000104
0.999617
-0.001461
-0.027624
0.000113
0.999617
-0.001850
-0.027697
0.000126
0.999615
-0.002115
-0.027794
0.000134
0.999611
-0.002721
-0.028013
0.000153
0.999604
-0.003086
-0.028134
0.000164
0.999599
-0.003429
-0.028188
0.000175
0.999597
-0.003769
-0.028101
0.000186
0.999598
-0.003853
-0.027993
0.000189
0.999601
-0.003835
-0.027817
0.000188
0.999606
-0.003765
-0.027733
0.000186
0.999608
-0.003609
-0.027690
0.000181
0.999610
-0.003394
-0.027673
0.000174
0.999611
-0.002996
-0.027739
0.000162
0.999611
-0.002576
-0.027886
0.000148
0.999608
-0.002193
-0.028038
0.000137
0.999604
-0.001492
-0.027853
0.000118
0.999611
-0.001094
-0.027631
0.000108
0.999618
-0.000609
-0.027308
0.000096
0.999627
-0.000213
-0.027073
0.000087
0.999633
